vehicle,ride,pos,speed_thr_max,direction_thr_max,longitude_abs_thr_max,longitude_thr_max,longitude_dir_thr_max,latitude_abs_thr_max,latitude_thr_max,latitude_dir_thr_max,distance_thr_max,speed_alternative_thr_max,x_speed_alternative_thr_max,x_speed_no_abs_alternative_thr_max,y_speed_alternative_thr_max,y_speed_no_abs_alternative_thr_max,direction_alternative_thr_max,direction_abs_alternative_thr_max
Vehicle_11,8820957,0,0.011764705882352941,0.0027624309392265192,0.00398406374501992,0.0020833333333333333,0.5,0.004651162790697674,0.0024875621890547263,0.5,0.0037593984962406013,0.0009505703422053232,0.001142857142857143,0.00078064012490242,0.0014265335235378032,0.0009587727708533077,0.005494505494505495,0.010869565217391304
Vehicle_11,8820957,1,0.0625,0.015384615384615385,0.01818181818181818,0.014925373134328358,0.5,0.02040816326530612,0.015873015873015872,0.5,0.03333333333333333,0.03225806451612903,0.011904761904761904,0.009708737864077669,0.013513513513513514,0.010309278350515464,0.009345794392523364,0.012048192771084338
Vehicle_11,8820957,2,0.06666666666666667,0.07142857142857142,0.04,0.045454545454545456,0.5,0.125,0.16666666666666666,0.5,0.5,0.09090909090909091,0.041666666666666664,0.5,0.25,0.3333333333333333,0.5,0.2
Vehicle_11,8820957,3,0.2,0.5,0.0625,0.05555555555555555,0.5,0.038461538461538464,0.047619047619047616,0.5,0.04,0.09090909090909091,0.05263157894736842,0.07142857142857142,0.037037037037037035,0.1,0.5,0.14285714285714285
Vehicle_11,8820957,4,0.05,0.0625,0.05263157894736842,0.0625,0.5,0.03571428571428571,0.05263157894736842,0.5,0.037037037037037035,0.09090909090909091,0.03225806451612903,0.038461538461538464,0.034482758620689655,0.043478260869565216,0.125,0.043478260869565216
Vehicle_11,8820957,5,0.05263157894736842,0.09090909090909091,0.06666666666666667,0.07692307692307693,0.5,0.038461538461538464,0.045454545454545456,0.5,0.03225806451612903,0.09090909090909091,0.03571428571428571,0.034482758620689655,0.030303030303030304,0.03571428571428571,0.045454545454545456,0.04
Vehicle_11,8820957,6,0.05263157894736842,0.07142857142857142,0.06666666666666667,0.09090909090909091,0.5,0.0625,0.09090909090909091,0.5,0.058823529411764705,0.09090909090909091,0.02857142857142857,0.1111111111111111,0.04,0.058823529411764705,0.06666666666666667,0.038461538461538464
Vehicle_11,8820957,7,0.05,0.09090909090909091,0.034482758620689655,0.04,0.5,0.16666666666666666,0.3333333333333333,0.5,0.125,0.09090909090909091,0.047619047619047616,0.0625,0.03571428571428571,0.05,0.06666666666666667,0.058823529411764705
Vehicle_11,8820957,8,0.05555555555555555,0.07692307692307693,0.03571428571428571,0.045454545454545456,0.5,0.2,0.3333333333333333,0.5,0.1,0.09090909090909091,0.04,0.5,0.16666666666666666,0.25,0.045454545454545456,0.034482758620689655
Vehicle_11,8820957,9,0.0625,0.07142857142857142,0.05263157894736842,0.05263157894736842,0.5,0.2,0.25,0.5,0.125,0.09090909090909091,0.04,0.3333333333333333,0.25,0.5,0.058823529411764705,0.05555555555555555
Vehicle_11,8820957,10,0.047619047619047616,0.06666666666666667,0.041666666666666664,0.05263157894736842,0.5,0.1111111111111111,0.2,0.5,0.09090909090909091,0.09090909090909091,0.043478260869565216,0.5,0.16666666666666666,0.25,0.0625,0.045454545454545456
Vehicle_11,8820957,11,0.05,0.07692307692307693,0.07142857142857142,0.07142857142857142,0.5,0.07142857142857142,0.09090909090909091,0.5,0.05555555555555555,0.09090909090909091,0.038461538461538464,0.3333333333333333,0.25,0.5,0.07692307692307693,0.07142857142857142
Vehicle_11,8820957,12,0.058823529411764705,0.05555555555555555,0.0625,0.06666666666666667,0.5,0.07692307692307693,0.14285714285714285,0.5,0.07142857142857142,0.09090909090909091,0.047619047619047616,0.3333333333333333,0.5,0.3333333333333333,0.09090909090909091,0.06666666666666667
Vehicle_11,8820957,13,0.05263157894736842,0.1,0.045454545454545456,0.06666666666666667,0.5,0.1111111111111111,0.16666666666666666,0.5,0.07142857142857142,0.09090909090909091,0.04,0.3333333333333333,0.14285714285714285,0.3333333333333333,0.06666666666666667,0.05555555555555555
Vehicle_11,8820957,14,0.05555555555555555,0.058823529411764705,0.0625,0.07142857142857142,0.5,0.08333333333333333,0.1111111111111111,0.5,0.05263157894736842,0.09090909090909091,0.043478260869565216,0.3333333333333333,0.3333333333333333,0.5,0.06666666666666667,0.07142857142857142
Vehicle_11,8820957,15,0.05555555555555555,0.07692307692307693,0.045454545454545456,0.1,0.5,0.5,0.5,0.5,0.25,0.09090909090909091,0.034482758620689655,0.5,0.5,0.5,0.07692307692307693,0.06666666666666667
Vehicle_11,8820957,16,0.2,0.07142857142857142,0.05555555555555555,0.07692307692307693,0.5,0.5,0.5,0.5,0.125,0.09090909090909091,0.04,0.3333333333333333,0.25,0.25,0.07692307692307693,0.07142857142857142
Vehicle_11,8820957,17,0.07692307692307693,0.06666666666666667,0.07692307692307693,0.06666666666666667,0.5,0.1,0.1111111111111111,0.5,0.0625,0.09090909090909091,0.034482758620689655,0.5,0.5,0.5,0.07692307692307693,0.06666666666666667
Vehicle_11,8820957,18,0.06666666666666667,0.07142857142857142,0.047619047619047616,0.08333333333333333,0.5,0.14285714285714285,0.2,0.5,0.1111111111111111,0.09090909090909091,0.04,0.5,0.5,0.5,0.0625,0.05555555555555555
Vehicle_11,8820957,19,0.0625,0.09090909090909091,0.0625,0.07142857142857142,0.5,0.25,0.5,0.5,0.08333333333333333,0.09090909090909091,0.029411764705882353,0.5,0.5,0.5,0.05263157894736842,0.05263157894736842
Vehicle_11,8820957,20,0.05555555555555555,0.05555555555555555,0.045454545454545456,0.06666666666666667,0.5,0.2,0.2,0.5,0.07142857142857142,0.09090909090909091,0.03571428571428571,0.2,0.5,0.5,0.07692307692307693,0.037037037037037035
Vehicle_11,8820957,21,0.06666666666666667,0.125,0.058823529411764705,0.08333333333333333,0.5,0.16666666666666666,0.2,0.5,0.08333333333333333,0.09090909090909091,0.034482758620689655,0.5,0.3333333333333333,0.3333333333333333,0.05555555555555555,0.037037037037037035
Vehicle_11,8820957,22,0.0625,0.0625,0.05,0.06666666666666667,0.5,0.2,0.3333333333333333,0.5,0.07142857142857142,0.09090909090909091,0.03571428571428571,0.3333333333333333,0.3333333333333333,0.25,0.043478260869565216,0.034482758620689655
Vehicle_11,8820957,23,0.0625,0.07142857142857142,0.037037037037037035,0.05,0.5,0.08333333333333333,0.125,0.5,0.0625,0.09090909090909091,0.027777777777777776,0.5,0.5,0.5,0.058823529411764705,0.047619047619047616
Vehicle_11,8820957,24,0.0625,0.06666666666666667,0.041666666666666664,0.05,0.5,0.08333333333333333,0.1111111111111111,0.5,0.1111111111111111,0.09090909090909091,0.03225806451612903,0.25,0.3333333333333333,0.5,0.047619047619047616,0.037037037037037035
Vehicle_11,8820957,25,0.0625,0.06666666666666667,0.041666666666666664,0.05263157894736842,0.5,0.1111111111111111,0.14285714285714285,0.5,0.07692307692307693,0.09090909090909091,0.041666666666666664,0.5,0.3333333333333333,0.5,0.05263157894736842,0.038461538461538464
Vehicle_11,8820957,26,0.0625,0.09090909090909091,0.05555555555555555,0.07692307692307693,0.5,0.3333333333333333,0.5,0.5,0.08333333333333333,0.09090909090909091,0.045454545454545456,0.5,0.3333333333333333,0.5,0.1111111111111111,0.05555555555555555
Vehicle_11,8820957,27,0.05555555555555555,0.09090909090909091,0.038461538461538464,0.05,0.5,0.3333333333333333,0.3333333333333333,0.5,0.0625,0.09090909090909091,0.04,0.3333333333333333,0.5,0.5,0.058823529411764705,0.038461538461538464
Vehicle_11,8820957,28,0.06666666666666667,0.0625,0.06666666666666667,0.08333333333333333,0.5,0.5,0.5,0.5,0.1,0.09090909090909091,0.1111111111111111,0.5,0.3333333333333333,0.5,0.05263157894736842,0.034482758620689655
Vehicle_11,8820957,29,0.07142857142857142,0.07142857142857142,0.05263157894736842,0.07692307692307693,0.5,0.25,0.3333333333333333,0.5,0.125,0.09090909090909091,0.5,0.5,0.5,0.5,0.05555555555555555,0.043478260869565216
Vehicle_11,8820957,30,0.07692307692307693,0.0625,0.047619047619047616,0.07692307692307693,0.5,0.25,0.25,0.5,0.06666666666666667,0.09090909090909091,0.25,0.5,0.5,0.5,0.0625,0.038461538461538464
Vehicle_11,8820957,31,0.07142857142857142,0.08333333333333333,0.05263157894736842,0.06666666666666667,0.5,0.25,0.25,0.5,0.1111111111111111,0.09090909090909091,0.1,0.3333333333333333,0.3333333333333333,0.3333333333333333,0.06666666666666667,0.05263157894736842
Vehicle_11,8820957,32,0.06666666666666667,0.125,0.07142857142857142,0.1,0.5,0.07142857142857142,0.09090909090909091,0.5,0.1111111111111111,0.09090909090909091,0.25,0.5,0.5,0.5,0.05555555555555555,0.043478260869565216
Vehicle_11,8820957,33,0.07692307692307693,0.07142857142857142,0.07142857142857142,0.07692307692307693,0.5,0.5,0.5,0.5,0.1111111111111111,0.09090909090909091,0.3333333333333333,0.5,0.5,0.5,0.05,0.04
Vehicle_11,8820957,34,0.25,0.07142857142857142,0.07692307692307693,0.09090909090909091,0.5,0.5,0.5,0.5,0.07692307692307693,0.09090909090909091,0.2,0.3333333333333333,0.5,0.5,0.06666666666666667,0.05263157894736842
Vehicle_11,8820957,35,0.05555555555555555,0.2,0.1111111111111111,0.14285714285714285,0.5,0.08333333333333333,0.1,0.5,0.25,0.09090909090909091,0.06666666666666667,0.5,0.25,0.5,0.09090909090909091,0.047619047619047616
Vehicle_11,8820957,36,0.0625,0.0625,0.0625,0.09090909090909091,0.5,0.07692307692307693,0.07692307692307693,0.5,0.08333333333333333,0.09090909090909091,0.5,0.5,0.5,0.5,0.037037037037037035,0.029411764705882353
Vehicle_11,8820957,37,0.05555555555555555,0.08333333333333333,0.1,0.16666666666666666,0.5,0.07692307692307693,0.1,0.5,0.07692307692307693,0.09090909090909091,0.3333333333333333,0.3333333333333333,0.5,0.5,0.05263157894736842,0.041666666666666664
Vehicle_11,8820957,38,0.07692307692307693,0.09090909090909091,0.1,0.14285714285714285,0.5,0.07142857142857142,0.1111111111111111,0.5,0.1,0.09090909090909091,0.2,0.3333333333333333,0.3333333333333333,0.5,0.07692307692307693,0.058823529411764705
Vehicle_11,8820957,39,0.1,0.05263157894736842,0.09090909090909091,0.1111111111111111,0.5,0.1111111111111111,0.16666666666666666,0.5,0.125,0.09090909090909091,0.25,0.5,0.5,0.5,0.07692307692307693,0.05263157894736842
Vehicle_11,8820957,40,0.06666666666666667,0.08333333333333333,0.08333333333333333,0.14285714285714285,0.5,0.14285714285714285,0.5,0.5,0.07692307692307693,0.09090909090909091,0.5,0.5,0.5,0.5,0.07692307692307693,0.058823529411764705
Vehicle_11,8820957,41,0.06666666666666667,0.09090909090909091,0.07142857142857142,0.14285714285714285,0.5,0.1111111111111111,0.16666666666666666,0.5,0.14285714285714285,0.09090909090909091,0.5,0.5,0.5,0.5,0.05263157894736842,0.043478260869565216
Vehicle_11,8820957,42,0.0625,0.06666666666666667,0.1,0.16666666666666666,0.5,0.08333333333333333,0.1,0.5,0.125,0.09090909090909091,0.25,0.5,0.5,0.5,0.045454545454545456,0.03333333333333333
Vehicle_11,8820957,43,0.07142857142857142,0.06666666666666667,0.1111111111111111,0.25,0.5,0.07692307692307693,0.1111111111111111,0.5,0.1,0.09090909090909091,0.3333333333333333,0.5,0.2,0.5,0.05555555555555555,0.041666666666666664
Vehicle_11,8820957,44,0.07142857142857142,0.1,0.1111111111111111,0.2,0.5,0.14285714285714285,0.16666666666666666,0.5,0.2,0.09090909090909091,0.5,0.5,0.3333333333333333,0.5,0.05263157894736842,0.041666666666666664
Vehicle_11,8820957,45,0.07142857142857142,0.07692307692307693,0.2,0.3333333333333333,0.5,0.125,0.16666666666666666,0.5,0.16666666666666666,0.09090909090909091,0.5,0.5,0.5,0.5,0.047619047619047616,0.043478260869565216
Vehicle_11,8820957,46,0.1,0.07142857142857142,0.5,0.5,0.5,0.14285714285714285,0.5,0.5,0.5,0.09090909090909091,0.3333333333333333,0.5,0.3333333333333333,0.5,0.043478260869565216,0.038461538461538464
Vehicle_11,8820957,47,0.25,0.06666666666666667,0.5,0.5,0.5,0.14285714285714285,0.3333333333333333,0.5,0.25,0.09090909090909091,0.5,0.5,0.5,0.5,0.05555555555555555,0.045454545454545456
Vehicle_11,8820957,48,0.08333333333333333,0.0625,0.2,0.3333333333333333,0.5,0.1111111111111111,0.3333333333333333,0.5,0.5,0.09090909090909091,0.5,0.5,0.5,0.5,0.05263157894736842,0.05
Vehicle_11,8820957,49,0.058823529411764705,0.0625,0.125,0.14285714285714285,0.5,0.05555555555555555,0.07142857142857142,0.5,0.1,0.09090909090909091,0.06666666666666667,0.5,0.03571428571428571,0.2,0.05263157894736842,0.047619047619047616
Vehicle_11,8820957,50,0.05555555555555555,0.08333333333333333,0.058823529411764705,0.1111111111111111,0.5,0.058823529411764705,0.07142857142857142,0.5,0.09090909090909091,0.09090909090909091,0.14285714285714285,0.1111111111111111,0.03125,0.5,0.0625,0.04
Vehicle_11,8820957,51,0.05263157894736842,0.07692307692307693,0.058823529411764705,0.08333333333333333,0.5,0.06666666666666667,0.08333333333333333,0.5,0.1,0.09090909090909091,0.1111111111111111,0.5,0.04,0.3333333333333333,0.05555555555555555,0.041666666666666664
Vehicle_11,8820957,52,0.0625,0.058823529411764705,0.05263157894736842,0.07692307692307693,0.5,0.030303030303030304,0.04,0.5,0.07692307692307693,0.09090909090909091,0.14285714285714285,0.3333333333333333,0.05263157894736842,0.3333333333333333,0.05263157894736842,0.038461538461538464
Vehicle_11,8820957,53,0.05555555555555555,0.0625,0.07142857142857142,0.14285714285714285,0.5,0.037037037037037035,0.043478260869565216,0.5,0.09090909090909091,0.09090909090909091,0.3333333333333333,0.5,0.038461538461538464,0.5,0.05,0.037037037037037035
Vehicle_11,8820957,54,0.05,0.05555555555555555,0.06666666666666667,0.08333333333333333,0.5,0.038461538461538464,0.05263157894736842,0.5,0.047619047619047616,0.09090909090909091,0.025,0.041666666666666664,0.02857142857142857,0.05555555555555555,0.043478260869565216,0.03225806451612903
Vehicle_11,8820957,55,0.047619047619047616,0.0625,0.043478260869565216,0.047619047619047616,0.5,0.05555555555555555,0.07692307692307693,0.5,0.047619047619047616,0.09090909090909091,0.027777777777777776,0.043478260869565216,0.024390243902439025,0.05263157894736842,0.045454545454545456,0.03333333333333333
Vehicle_11,8820957,56,0.05263157894736842,0.0625,0.05555555555555555,0.06666666666666667,0.5,0.058823529411764705,0.07142857142857142,0.5,0.041666666666666664,0.09090909090909091,0.03125,0.04,0.024390243902439025,0.045454545454545456,0.0625,0.043478260869565216
Vehicle_11,8820957,57,0.05263157894736842,0.07692307692307693,0.047619047619047616,0.06666666666666667,0.5,0.043478260869565216,0.047619047619047616,0.5,0.03125,0.09090909090909091,0.023255813953488372,0.027777777777777776,0.027777777777777776,0.034482758620689655,0.041666666666666664,0.034482758620689655
Vehicle_11,8820957,58,0.05263157894736842,0.058823529411764705,0.027777777777777776,0.034482758620689655,0.5,0.04,0.05263157894736842,0.5,0.04,0.09090909090909091,0.043478260869565216,0.09090909090909091,0.043478260869565216,0.25,0.05,0.03571428571428571
Vehicle_11,8820957,59,0.058823529411764705,0.05555555555555555,0.05555555555555555,0.09090909090909091,0.5,0.038461538461538464,0.05263157894736842,0.5,0.047619047619047616,0.09090909090909091,0.058823529411764705,0.2,0.029411764705882353,0.125,0.05263157894736842,0.04
Vehicle_11,8820957,60,0.058823529411764705,0.06666666666666667,0.05263157894736842,0.07142857142857142,0.5,0.038461538461538464,0.05263157894736842,0.5,0.038461538461538464,0.09090909090909091,0.024390243902439025,0.037037037037037035,0.03225806451612903,0.041666666666666664,0.1111111111111111,0.07692307692307693
Vehicle_11,8820957,61,0.05263157894736842,0.1111111111111111,0.05263157894736842,0.07142857142857142,0.5,0.037037037037037035,0.043478260869565216,0.5,0.05555555555555555,0.09090909090909091,0.022222222222222223,0.034482758620689655,0.02702702702702703,0.03571428571428571,0.05263157894736842,0.038461538461538464
Vehicle_11,8820957,62,0.05263157894736842,0.058823529411764705,0.0625,0.08333333333333333,0.5,0.07142857142857142,0.07692307692307693,0.5,0.041666666666666664,0.09090909090909091,0.03333333333333333,0.07142857142857142,0.03333333333333333,0.07142857142857142,0.07692307692307693,0.047619047619047616
Vehicle_11,8820957,63,0.05263157894736842,0.07142857142857142,0.03125,0.043478260869565216,0.5,0.0625,0.06666666666666667,0.5,0.04,0.09090909090909091,0.08333333333333333,0.16666666666666666,0.02857142857142857,0.1111111111111111,0.07692307692307693,0.05263157894736842
Vehicle_11,8820957,64,0.058823529411764705,0.07692307692307693,0.05555555555555555,0.06666666666666667,0.5,0.07142857142857142,0.09090909090909091,0.5,0.047619047619047616,0.09090909090909091,0.08333333333333333,0.14285714285714285,0.04,0.3333333333333333,0.045454545454545456,0.037037037037037035
Vehicle_11,8820957,65,0.05263157894736842,0.07142857142857142,0.045454545454545456,0.05263157894736842,0.5,0.047619047619047616,0.05263157894736842,0.5,0.05555555555555555,0.09090909090909091,0.06666666666666667,0.08333333333333333,0.03333333333333333,0.25,0.041666666666666664,0.037037037037037035
Vehicle_11,8820957,66,0.05263157894736842,0.0625,0.05263157894736842,0.06666666666666667,0.5,0.03225806451612903,0.041666666666666664,0.5,0.043478260869565216,0.09090909090909091,0.030303030303030304,0.2,0.02564102564102564,0.3333333333333333,0.041666666666666664,0.037037037037037035
Vehicle_11,8820957,67,0.05263157894736842,0.06666666666666667,0.041666666666666664,0.05263157894736842,0.5,0.038461538461538464,0.05555555555555555,0.5,0.037037037037037035,0.09090909090909091,0.025,0.041666666666666664,0.02631578947368421,0.04,0.05,0.03571428571428571
Vehicle_11,8820957,68,0.05263157894736842,0.06666666666666667,0.03125,0.043478260869565216,0.5,0.038461538461538464,0.05263157894736842,0.5,0.04,0.09090909090909091,0.029411764705882353,0.043478260869565216,0.02564102564102564,0.045454545454545456,0.045454545454545456,0.037037037037037035
Vehicle_11,8820957,69,0.05263157894736842,0.06666666666666667,0.04,0.047619047619047616,0.5,0.04,0.05263157894736842,0.5,0.041666666666666664,0.09090909090909091,0.023809523809523808,0.02702702702702703,0.024390243902439025,0.034482758620689655,0.04,0.034482758620689655
Vehicle_11,8820957,70,0.058823529411764705,0.045454545454545456,0.05263157894736842,0.05555555555555555,0.5,0.07142857142857142,0.07692307692307693,0.5,0.04,0.09090909090909091,0.05263157894736842,0.05263157894736842,0.04,0.09090909090909091,0.047619047619047616,0.034482758620689655
Vehicle_11,8820957,71,0.05263157894736842,0.045454545454545456,0.05263157894736842,0.06666666666666667,0.5,0.0625,0.06666666666666667,0.5,0.041666666666666664,0.09090909090909091,0.025,0.06666666666666667,0.038461538461538464,0.07142857142857142,0.047619047619047616,0.04
Vehicle_11,8820957,72,0.05263157894736842,0.07142857142857142,0.041666666666666664,0.05263157894736842,0.5,0.07142857142857142,0.09090909090909091,0.5,0.034482758620689655,0.09090909090909091,0.025,0.043478260869565216,0.024390243902439025,0.045454545454545456,0.05263157894736842,0.04
Vehicle_11,8820957,73,0.05263157894736842,0.07142857142857142,0.034482758620689655,0.04,0.5,0.05,0.07142857142857142,0.5,0.043478260869565216,0.09090909090909091,0.023255813953488372,0.03571428571428571,0.029411764705882353,0.05,0.047619047619047616,0.043478260869565216
Vehicle_11,8820957,74,0.05263157894736842,0.07142857142857142,0.03571428571428571,0.043478260869565216,0.5,0.05555555555555555,0.07692307692307693,0.5,0.05263157894736842,0.09090909090909091,0.07142857142857142,0.125,0.047619047619047616,0.2,0.07142857142857142,0.05555555555555555
Vehicle_11,8820957,75,0.05263157894736842,0.07142857142857142,0.04,0.047619047619047616,0.5,0.07142857142857142,0.09090909090909091,0.5,0.041666666666666664,0.09090909090909091,0.043478260869565216,0.1,0.023809523809523808,0.1111111111111111,0.045454545454545456,0.038461538461538464
Vehicle_11,8820957,76,0.05263157894736842,0.06666666666666667,0.05263157894736842,0.05555555555555555,0.5,0.04,0.05263157894736842,0.5,0.04,0.09090909090909091,0.025,0.034482758620689655,0.03333333333333333,0.047619047619047616,0.045454545454545456,0.038461538461538464
Vehicle_11,8820957,77,0.05263157894736842,0.06666666666666667,0.05263157894736842,0.06666666666666667,0.5,0.038461538461538464,0.05263157894736842,0.5,0.041666666666666664,0.09090909090909091,0.025,0.034482758620689655,0.02564102564102564,0.043478260869565216,0.0625,0.047619047619047616
Vehicle_11,8820957,78,0.05263157894736842,0.06666666666666667,0.041666666666666664,0.05263157894736842,0.5,0.05,0.07142857142857142,0.5,0.034482758620689655,0.09090909090909091,0.022222222222222223,0.027777777777777776,0.029411764705882353,0.029411764705882353,0.05263157894736842,0.04
Vehicle_11,8820957,79,0.05263157894736842,0.06666666666666667,0.05263157894736842,0.05555555555555555,0.5,0.05555555555555555,0.07692307692307693,0.5,0.034482758620689655,0.09090909090909091,0.045454545454545456,0.05263157894736842,0.047619047619047616,0.09090909090909091,0.05263157894736842,0.04
Vehicle_11,8820957,80,0.05263157894736842,0.06666666666666667,0.05263157894736842,0.0625,0.5,0.07142857142857142,0.09090909090909091,0.5,0.043478260869565216,0.09090909090909091,0.045454545454545456,0.09090909090909091,0.023809523809523808,0.06666666666666667,0.047619047619047616,0.043478260869565216
Vehicle_11,8820957,81,0.05263157894736842,0.06666666666666667,0.043478260869565216,0.047619047619047616,0.5,0.04,0.05263157894736842,0.5,0.038461538461538464,0.09090909090909091,0.03125,0.038461538461538464,0.03333333333333333,0.043478260869565216,0.04,0.03225806451612903
Vehicle_11,8820957,82,0.05263157894736842,0.07142857142857142,0.034482758620689655,0.04,0.5,0.07142857142857142,0.07692307692307693,0.5,0.038461538461538464,0.09090909090909091,0.023255813953488372,0.02702702702702703,0.027777777777777776,0.034482758620689655,0.047619047619047616,0.037037037037037035
Vehicle_11,8820957,83,0.05263157894736842,0.09090909090909091,0.04,0.047619047619047616,0.5,0.047619047619047616,0.06666666666666667,0.5,0.041666666666666664,0.09090909090909091,0.047619047619047616,0.1,0.045454545454545456,0.1,0.047619047619047616,0.03571428571428571
Vehicle_11,8820957,84,0.05263157894736842,0.07692307692307693,0.037037037037037035,0.05,0.5,0.037037037037037035,0.043478260869565216,0.5,0.037037037037037035,0.09090909090909091,0.025,0.0625,0.038461538461538464,0.07692307692307693,0.05,0.041666666666666664
Vehicle_11,8820957,85,0.05263157894736842,0.07692307692307693,0.038461538461538464,0.043478260869565216,0.5,0.037037037037037035,0.047619047619047616,0.5,0.038461538461538464,0.09090909090909091,0.034482758620689655,0.041666666666666664,0.038461538461538464,0.038461538461538464,0.047619047619047616,0.037037037037037035
Vehicle_11,8820957,86,0.05263157894736842,0.07692307692307693,0.041666666666666664,0.05263157894736842,0.5,0.037037037037037035,0.043478260869565216,0.5,0.043478260869565216,0.09090909090909091,0.02631578947368421,0.04,0.02702702702702703,0.045454545454545456,0.037037037037037035,0.030303030303030304
Vehicle_11,8820957,87,0.05263157894736842,0.07692307692307693,0.038461538461538464,0.043478260869565216,0.5,0.07142857142857142,0.07692307692307693,0.5,0.04,0.09090909090909091,0.024390243902439025,0.029411764705882353,0.02702702702702703,0.030303030303030304,0.041666666666666664,0.038461538461538464
Vehicle_11,8820957,88,0.05263157894736842,0.0625,0.02631578947368421,0.03125,0.5,0.047619047619047616,0.06666666666666667,0.5,0.037037037037037035,0.09090909090909091,0.05,0.05263157894736842,0.045454545454545456,0.09090909090909091,0.05,0.038461538461538464
Vehicle_11,8820957,89,0.05263157894736842,0.07692307692307693,0.047619047619047616,0.07142857142857142,0.5,0.03225806451612903,0.04,0.5,0.038461538461538464,0.09090909090909091,0.041666666666666664,0.07142857142857142,0.03125,0.1,0.05,0.041666666666666664
Vehicle_11,8820957,90,0.05263157894736842,0.07692307692307693,0.06666666666666667,0.07142857142857142,0.5,0.037037037037037035,0.043478260869565216,0.5,0.043478260869565216,0.09090909090909091,0.034482758620689655,0.038461538461538464,0.023255813953488372,0.038461538461538464,0.05,0.043478260869565216
Vehicle_11,8820957,91,0.05263157894736842,0.07692307692307693,0.02631578947368421,0.03125,0.5,0.05555555555555555,0.1,0.5,0.043478260869565216,0.09090909090909091,0.024390243902439025,0.02702702702702703,0.027777777777777776,0.03333333333333333,0.043478260869565216,0.034482758620689655
Vehicle_11,8820957,92,0.05263157894736842,0.0625,0.02631578947368421,0.03125,0.5,0.037037037037037035,0.047619047619047616,0.5,0.037037037037037035,0.09090909090909091,0.05,0.05263157894736842,0.045454545454545456,0.09090909090909091,0.05,0.038461538461538464
Vehicle_11,8820957,93,0.05263157894736842,0.07692307692307693,0.041666666666666664,0.05263157894736842,0.5,0.05555555555555555,0.08333333333333333,0.5,0.043478260869565216,0.09090909090909091,0.041666666666666664,0.09090909090909091,0.038461538461538464,0.06666666666666667,0.037037037037037035,0.030303030303030304
Vehicle_11,8820957,94,0.05263157894736842,0.07692307692307693,0.0625,0.08333333333333333,0.5,0.06666666666666667,0.07142857142857142,0.5,0.041666666666666664,0.09090909090909091,0.030303030303030304,0.04,0.03333333333333333,0.038461538461538464,0.05,0.04
Vehicle_11,8820957,95,0.05263157894736842,0.05555555555555555,0.038461538461538464,0.043478260869565216,0.5,0.037037037037037035,0.047619047619047616,0.5,0.038461538461538464,0.09090909090909091,0.030303030303030304,0.041666666666666664,0.027777777777777776,0.038461538461538464,0.047619047619047616,0.037037037037037035
Vehicle_11,8820957,96,0.05263157894736842,0.0625,0.02631578947368421,0.03125,0.5,0.037037037037037035,0.043478260869565216,0.5,0.038461538461538464,0.09090909090909091,0.024390243902439025,0.027777777777777776,0.02702702702702703,0.029411764705882353,0.038461538461538464,0.03333333333333333
Vehicle_11,8820957,97,0.05263157894736842,0.07692307692307693,0.047619047619047616,0.07142857142857142,0.5,0.07142857142857142,0.07692307692307693,0.5,0.041666666666666664,0.09090909090909091,0.05555555555555555,0.0625,0.047619047619047616,0.1111111111111111,0.047619047619047616,0.038461538461538464
Vehicle_11,8820957,98,0.05263157894736842,0.07692307692307693,0.058823529411764705,0.07142857142857142,0.5,0.06666666666666667,0.07142857142857142,0.5,0.05263157894736842,0.09090909090909091,0.058823529411764705,0.07692307692307693,0.05555555555555555,0.125,0.05,0.043478260869565216
Vehicle_11,8820957,99,0.05263157894736842,0.0625,0.05263157894736842,0.06666666666666667,0.5,0.037037037037037035,0.047619047619047616,0.5,0.047619047619047616,0.09090909090909091,0.045454545454545456,0.1,0.045454545454545456,0.125,0.047619047619047616,0.038461538461538464
Vehicle_11,8820957,100,0.05263157894736842,0.06666666666666667,0.041666666666666664,0.05263157894736842,0.5,0.037037037037037035,0.043478260869565216,0.5,0.041666666666666664,0.09090909090909091,0.030303030303030304,0.1,0.038461538461538464,0.1111111111111111,0.05555555555555555,0.05
Vehicle_11,8820957,101,0.05263157894736842,0.09090909090909091,0.034482758620689655,0.04,0.5,0.038461538461538464,0.05263157894736842,0.5,0.043478260869565216,0.09090909090909091,0.025,0.04,0.02857142857142857,0.045454545454545456,0.04,0.03125
Vehicle_11,8820957,102,0.05263157894736842,0.058823529411764705,0.02631578947368421,0.03125,0.5,0.05,0.07142857142857142,0.5,0.041666666666666664,0.09090909090909091,0.024390243902439025,0.030303030303030304,0.029411764705882353,0.043478260869565216,0.05,0.04
Vehicle_11,8820957,103,0.05263157894736842,0.058823529411764705,0.041666666666666664,0.05263157894736842,0.5,0.04,0.05263157894736842,0.5,0.041666666666666664,0.09090909090909091,0.041666666666666664,0.07692307692307693,0.043478260869565216,0.08333333333333333,0.05263157894736842,0.03333333333333333
Vehicle_11,8820957,104,0.05263157894736842,0.06666666666666667,0.038461538461538464,0.043478260869565216,0.5,0.037037037037037035,0.047619047619047616,0.5,0.038461538461538464,0.09090909090909091,0.027777777777777776,0.045454545454545456,0.02857142857142857,0.05555555555555555,0.047619047619047616,0.037037037037037035
Vehicle_11,8820957,105,0.05263157894736842,0.06666666666666667,0.02631578947368421,0.03125,0.5,0.037037037037037035,0.043478260869565216,0.5,0.038461538461538464,0.09090909090909091,0.030303030303030304,0.037037037037037035,0.023255813953488372,0.041666666666666664,0.038461538461538464,0.03333333333333333
Vehicle_11,8820957,106,0.05263157894736842,0.058823529411764705,0.043478260869565216,0.047619047619047616,0.5,0.07142857142857142,0.07692307692307693,0.5,0.037037037037037035,0.09090909090909091,0.023809523809523808,0.027777777777777776,0.027777777777777776,0.029411764705882353,0.05,0.037037037037037035
Vehicle_11,8820957,107,0.05263157894736842,0.09090909090909091,0.034482758620689655,0.04,0.5,0.06666666666666667,0.07142857142857142,0.5,0.038461538461538464,0.09090909090909091,0.043478260869565216,0.16666666666666666,0.047619047619047616,0.3333333333333333,0.047619047619047616,0.037037037037037035
Vehicle_11,8820957,108,0.05263157894736842,0.05555555555555555,0.02631578947368421,0.03125,0.5,0.05555555555555555,0.1,0.5,0.043478260869565216,0.09090909090909091,0.043478260869565216,0.2,0.03571428571428571,0.3333333333333333,0.043478260869565216,0.034482758620689655
Vehicle_11,8820957,109,0.05263157894736842,0.07692307692307693,0.041666666666666664,0.05263157894736842,0.5,0.07142857142857142,0.07692307692307693,0.5,0.041666666666666664,0.09090909090909091,0.029411764705882353,0.041666666666666664,0.03333333333333333,0.043478260869565216,0.047619047619047616,0.038461538461538464
Vehicle_11,8820957,110,0.05263157894736842,0.07692307692307693,0.038461538461538464,0.043478260869565216,0.5,0.06666666666666667,0.07142857142857142,0.5,0.04,0.09090909090909091,0.030303030303030304,0.03333333333333333,0.029411764705882353,0.041666666666666664,0.041666666666666664,0.038461538461538464
Vehicle_11,8820957,111,0.05263157894736842,0.0625,0.041666666666666664,0.05263157894736842,0.5,0.037037037037037035,0.047619047619047616,0.5,0.043478260869565216,0.09090909090909091,0.02631578947368421,0.038461538461538464,0.038461538461538464,0.038461538461538464,0.058823529411764705,0.043478260869565216
Vehicle_11,8820957,112,0.05263157894736842,0.07692307692307693,0.047619047619047616,0.0625,0.5,0.03225806451612903,0.04,0.5,0.043478260869565216,0.09090909090909091,0.022727272727272728,0.02702702702702703,0.024390243902439025,0.03333333333333333,0.05555555555555555,0.041666666666666664
Vehicle_11,8820957,113,0.05263157894736842,0.07142857142857142,0.05263157894736842,0.06666666666666667,0.5,0.03225806451612903,0.04,0.5,0.043478260869565216,0.09090909090909091,0.058823529411764705,0.16666666666666666,0.06666666666666667,0.3333333333333333,0.05555555555555555,0.041666666666666664
Vehicle_11,8820957,114,0.05263157894736842,0.058823529411764705,0.0625,0.08333333333333333,0.5,0.03225806451612903,0.04,0.5,0.043478260869565216,0.09090909090909091,0.02857142857142857,0.2,0.03125,0.3333333333333333,0.05555555555555555,0.041666666666666664
Vehicle_11,8820957,115,0.05263157894736842,0.058823529411764705,0.047619047619047616,0.0625,0.5,0.03225806451612903,0.04,0.5,0.043478260869565216,0.09090909090909091,0.030303030303030304,0.038461538461538464,0.024390243902439025,0.038461538461538464,0.05555555555555555,0.041666666666666664
Vehicle_11,8820957,116,0.05263157894736842,0.058823529411764705,0.05263157894736842,0.06666666666666667,0.5,0.037037037037037035,0.043478260869565216,0.5,0.041666666666666664,0.09090909090909091,0.030303030303030304,0.041666666666666664,0.023255813953488372,0.043478260869565216,0.058823529411764705,0.047619047619047616
Vehicle_11,8820957,117,0.05263157894736842,0.06666666666666667,0.0625,0.08333333333333333,0.5,0.07142857142857142,0.07692307692307693,0.5,0.041666666666666664,0.09090909090909091,0.024390243902439025,0.030303030303030304,0.027777777777777776,0.043478260869565216,0.05,0.04
Vehicle_11,8820957,118,0.05263157894736842,0.07142857142857142,0.037037037037037035,0.047619047619047616,0.5,0.0625,0.06666666666666667,0.5,0.038461538461538464,0.09090909090909091,0.05263157894736842,0.08333333333333333,0.043478260869565216,0.125,0.058823529411764705,0.047619047619047616
Vehicle_11,8820957,119,0.05263157894736842,0.08333333333333333,0.034482758620689655,0.04,0.5,0.07142857142857142,0.09090909090909091,0.5,0.043478260869565216,0.09090909090909091,0.045454545454545456,0.09090909090909091,0.023809523809523808,0.06666666666666667,0.047619047619047616,0.043478260869565216
Vehicle_11,8820957,120,0.05263157894736842,0.07692307692307693,0.02631578947368421,0.03125,0.5,0.047619047619047616,0.05263157894736842,0.5,0.04,0.09090909090909091,0.02631578947368421,0.04,0.024390243902439025,0.038461538461538464,0.047619047619047616,0.034482758620689655
Vehicle_11,8820957,121,0.05263157894736842,0.09090909090909091,0.02631578947368421,0.03125,0.5,0.043478260869565216,0.047619047619047616,0.5,0.037037037037037035,0.09090909090909091,0.03125,0.029411764705882353,0.027777777777777776,0.03333333333333333,0.043478260869565216,0.03333333333333333
Vehicle_11,8820957,122,0.05263157894736842,0.06666666666666667,0.043478260869565216,0.047619047619047616,0.5,0.047619047619047616,0.05263157894736842,0.5,0.04,0.09090909090909091,0.08333333333333333,0.16666666666666666,0.05,0.2,0.045454545454545456,0.038461538461538464
Vehicle_11,8820957,123,0.05263157894736842,0.07142857142857142,0.05263157894736842,0.05555555555555555,0.5,0.03225806451612903,0.041666666666666664,0.5,0.043478260869565216,0.09090909090909091,0.05,0.1,0.03225806451612903,0.3333333333333333,0.041666666666666664,0.037037037037037035
Vehicle_11,8820957,124,0.05263157894736842,0.0625,0.05263157894736842,0.06666666666666667,0.5,0.03225806451612903,0.041666666666666664,0.5,0.043478260869565216,0.09090909090909091,0.02857142857142857,0.045454545454545456,0.034482758620689655,0.05263157894736842,0.041666666666666664,0.037037037037037035
Vehicle_11,8820957,125,0.05263157894736842,0.05555555555555555,0.034482758620689655,0.04,0.5,0.041666666666666664,0.05263157894736842,0.5,0.041666666666666664,0.09090909090909091,0.02702702702702703,0.03571428571428571,0.037037037037037035,0.045454545454545456,0.05,0.037037037037037035
Vehicle_11,8820957,126,0.05263157894736842,0.06666666666666667,0.043478260869565216,0.047619047619047616,0.5,0.037037037037037035,0.05263157894736842,0.5,0.04,0.09090909090909091,0.023809523809523808,0.029411764705882353,0.03571428571428571,0.037037037037037035,0.041666666666666664,0.034482758620689655
Vehicle_11,8820957,127,0.05263157894736842,0.05555555555555555,0.05263157894736842,0.05555555555555555,0.5,0.03225806451612903,0.041666666666666664,0.5,0.043478260869565216,0.09090909090909091,0.0625,0.16666666666666666,0.03225806451612903,0.3333333333333333,0.041666666666666664,0.037037037037037035
Vehicle_11,8820957,128,0.05263157894736842,0.06666666666666667,0.05263157894736842,0.0625,0.5,0.043478260869565216,0.047619047619047616,0.5,0.041666666666666664,0.09090909090909091,0.045454545454545456,0.1,0.022727272727272728,0.125,0.05263157894736842,0.047619047619047616
Vehicle_11,8820957,129,0.05263157894736842,0.06666666666666667,0.047619047619047616,0.07142857142857142,0.5,0.04,0.05263157894736842,0.5,0.041666666666666664,0.09090909090909091,0.023809523809523808,0.029411764705882353,0.024390243902439025,0.03333333333333333,0.05263157894736842,0.03333333333333333
Vehicle_11,8820957,130,0.05263157894736842,0.08333333333333333,0.05263157894736842,0.06666666666666667,0.5,0.05555555555555555,0.1,0.5,0.041666666666666664,0.09090909090909091,0.058823529411764705,0.16666666666666666,0.0625,0.125,0.05,0.04
Vehicle_11,8820957,131,0.05263157894736842,0.0625,0.03571428571428571,0.04,0.5,0.07142857142857142,0.07692307692307693,0.5,0.07142857142857142,0.09090909090909091,0.14285714285714285,0.25,0.058823529411764705,0.3333333333333333,0.05555555555555555,0.03571428571428571
Vehicle_11,8820957,132,0.05263157894736842,0.058823529411764705,0.05555555555555555,0.058823529411764705,0.5,0.06666666666666667,0.07142857142857142,0.5,0.04,0.09090909090909091,0.04,0.08333333333333333,0.043478260869565216,0.07142857142857142,0.05263157894736842,0.038461538461538464
Vehicle_11,8820957,133,0.05263157894736842,0.05555555555555555,0.05555555555555555,0.06666666666666667,0.5,0.038461538461538464,0.05263157894736842,0.5,0.058823529411764705,0.09090909090909091,0.025,0.038461538461538464,0.023255813953488372,0.05263157894736842,0.05263157894736842,0.045454545454545456
Vehicle_11,8820957,134,0.05263157894736842,0.0625,0.043478260869565216,0.05263157894736842,0.5,0.05555555555555555,0.07692307692307693,0.5,0.038461538461538464,0.09090909090909091,0.030303030303030304,0.041666666666666664,0.02564102564102564,0.043478260869565216,0.05263157894736842,0.041666666666666664
Vehicle_11,8820957,135,0.05263157894736842,0.07142857142857142,0.041666666666666664,0.05263157894736842,0.5,0.07142857142857142,0.07692307692307693,0.5,0.038461538461538464,0.09090909090909091,0.025,0.03125,0.034482758620689655,0.041666666666666664,0.045454545454545456,0.038461538461538464
Vehicle_11,8820957,136,0.05263157894736842,0.07692307692307693,0.038461538461538464,0.043478260869565216,0.5,0.0625,0.07692307692307693,0.5,0.045454545454545456,0.09090909090909091,0.05555555555555555,0.06666666666666667,0.03571428571428571,0.09090909090909091,0.07692307692307693,0.05263157894736842
Vehicle_11,8820957,137,0.05263157894736842,0.09090909090909091,0.02631578947368421,0.03125,0.5,0.03125,0.041666666666666664,0.5,0.043478260869565216,0.09090909090909091,0.043478260869565216,0.03571428571428571,0.037037037037037035,0.0625,0.05,0.03125
Vehicle_11,8820957,138,0.05263157894736842,0.07142857142857142,0.043478260869565216,0.047619047619047616,0.5,0.03225806451612903,0.041666666666666664,0.5,0.04,0.09090909090909091,0.03125,0.041666666666666664,0.02857142857142857,0.043478260869565216,0.041666666666666664,0.037037037037037035
Vehicle_11,8820957,139,0.05263157894736842,0.058823529411764705,0.034482758620689655,0.04,0.5,0.03225806451612903,0.041666666666666664,0.5,0.041666666666666664,0.09090909090909091,0.023255813953488372,0.02702702702702703,0.027777777777777776,0.05,0.043478260869565216,0.03225806451612903
Vehicle_11,8820957,140,0.05263157894736842,0.06666666666666667,0.043478260869565216,0.047619047619047616,0.5,0.041666666666666664,0.05263157894736842,0.5,0.037037037037037035,0.09090909090909091,0.05555555555555555,0.0625,0.037037037037037035,0.1,0.043478260869565216,0.03125
Vehicle_11,8820957,141,0.05263157894736842,0.06666666666666667,0.03125,0.043478260869565216,0.5,0.043478260869565216,0.05263157894736842,0.5,0.04,0.09090909090909091,0.02857142857142857,0.05,0.034482758620689655,0.125,0.05,0.041666666666666664
Vehicle_11,8820957,142,0.05263157894736842,0.07692307692307693,0.04,0.047619047619047616,0.5,0.038461538461538464,0.05263157894736842,0.5,0.043478260869565216,0.09090909090909091,0.02564102564102564,0.041666666666666664,0.029411764705882353,0.04,0.07692307692307693,0.043478260869565216
Vehicle_11,8820957,143,0.05263157894736842,0.0625,0.05263157894736842,0.05555555555555555,0.5,0.041666666666666664,0.05263157894736842,0.5,0.041666666666666664,0.09090909090909091,0.022222222222222223,0.034482758620689655,0.03571428571428571,0.04,0.05,0.038461538461538464
Vehicle_11,8820957,144,0.05263157894736842,0.0625,0.05263157894736842,0.0625,0.5,0.043478260869565216,0.07692307692307693,0.5,0.04,0.09090909090909091,0.06666666666666667,0.07142857142857142,0.037037037037037035,0.125,0.03571428571428571,0.029411764705882353
Vehicle_11,8820957,145,0.05263157894736842,0.0625,0.043478260869565216,0.047619047619047616,0.5,0.06666666666666667,0.08333333333333333,0.5,0.037037037037037035,0.09090909090909091,0.02702702702702703,0.034482758620689655,0.02857142857142857,0.08333333333333333,0.047619047619047616,0.038461538461538464
Vehicle_11,8820957,146,0.05263157894736842,0.07692307692307693,0.041666666666666664,0.05263157894736842,0.5,0.058823529411764705,0.0625,0.5,0.041666666666666664,0.09090909090909091,0.025,0.04,0.02564102564102564,0.038461538461538464,0.043478260869565216,0.04
Vehicle_11,8820957,147,0.05263157894736842,0.06666666666666667,0.05263157894736842,0.05555555555555555,0.5,0.043478260869565216,0.07692307692307693,0.5,0.041666666666666664,0.09090909090909091,0.022222222222222223,0.030303030303030304,0.030303030303030304,0.043478260869565216,0.043478260869565216,0.04
Vehicle_11,8820957,148,0.05263157894736842,0.05555555555555555,0.05263157894736842,0.0625,0.5,0.06666666666666667,0.08333333333333333,0.5,0.04,0.09090909090909091,0.043478260869565216,0.1111111111111111,0.037037037037037035,0.5,0.03571428571428571,0.029411764705882353
Vehicle_11,8820957,149,0.05263157894736842,0.0625,0.043478260869565216,0.047619047619047616,0.5,0.05555555555555555,0.07692307692307693,0.5,0.04,0.09090909090909091,0.022222222222222223,0.05263157894736842,0.02702702702702703,0.06666666666666667,0.041666666666666664,0.034482758620689655
Vehicle_11,8820957,150,0.05263157894736842,0.07692307692307693,0.041666666666666664,0.05263157894736842,0.5,0.03225806451612903,0.041666666666666664,0.5,0.043478260869565216,0.09090909090909091,0.025,0.041666666666666664,0.02857142857142857,0.04,0.041666666666666664,0.037037037037037035
Vehicle_11,8820957,151,0.05263157894736842,0.06666666666666667,0.03571428571428571,0.05,0.5,0.05555555555555555,0.08333333333333333,0.5,0.05,0.09090909090909091,0.024390243902439025,0.045454545454545456,0.03125,0.05263157894736842,0.043478260869565216,0.038461538461538464
Vehicle_11,8820957,152,0.05263157894736842,0.05,0.038461538461538464,0.043478260869565216,0.5,0.0625,0.0625,0.5,0.03225806451612903,0.09090909090909091,0.05555555555555555,0.09090909090909091,0.03125,0.09090909090909091,0.05,0.03333333333333333
Vehicle_11,8820957,153,0.05263157894736842,0.058823529411764705,0.041666666666666664,0.05263157894736842,0.5,0.07142857142857142,0.08333333333333333,0.5,0.037037037037037035,0.09090909090909091,0.041666666666666664,0.06666666666666667,0.034482758620689655,0.14285714285714285,0.041666666666666664,0.038461538461538464
Vehicle_11,8820957,154,0.05263157894736842,0.05555555555555555,0.038461538461538464,0.043478260869565216,0.5,0.045454545454545456,0.05555555555555555,0.5,0.03225806451612903,0.09090909090909091,0.034482758620689655,0.034482758620689655,0.029411764705882353,0.03571428571428571,0.038461538461538464,0.029411764705882353
Vehicle_11,8820957,155,0.05263157894736842,0.0625,0.043478260869565216,0.047619047619047616,0.5,0.05,0.05555555555555555,0.5,0.037037037037037035,0.09090909090909091,0.023809523809523808,0.02564102564102564,0.03571428571428571,0.03333333333333333,0.043478260869565216,0.03125
Vehicle_11,8820957,156,0.05263157894736842,0.07692307692307693,0.041666666666666664,0.05263157894736842,0.5,0.058823529411764705,0.0625,0.5,0.041666666666666664,0.09090909090909091,0.05555555555555555,0.07692307692307693,0.04,0.1,0.043478260869565216,0.04
Vehicle_11,8820957,157,0.05263157894736842,0.05555555555555555,0.034482758620689655,0.04,0.5,0.041666666666666664,0.05,0.5,0.041666666666666664,0.09090909090909091,0.047619047619047616,0.04,0.02857142857142857,0.045454545454545456,0.08333333333333333,0.045454545454545456
Vehicle_11,8820957,158,0.05263157894736842,0.0625,0.02631578947368421,0.03125,0.5,0.047619047619047616,0.05263157894736842,0.5,0.04,0.09090909090909091,0.030303030303030304,0.030303030303030304,0.024390243902439025,0.041666666666666664,0.047619047619047616,0.034482758620689655
Vehicle_11,8820957,159,0.05263157894736842,0.06666666666666667,0.02631578947368421,0.03125,0.5,0.041666666666666664,0.05263157894736842,0.5,0.03125,0.09090909090909091,0.03225806451612903,0.03225806451612903,0.03125,0.1,0.03333333333333333,0.029411764705882353
Vehicle_11,8820957,160,0.05263157894736842,0.06666666666666667,0.05,0.0625,0.5,0.043478260869565216,0.07692307692307693,0.5,0.037037037037037035,0.09090909090909091,0.5,0.5,0.1,0.5,0.047619047619047616,0.038461538461538464
Vehicle_11,8820957,161,0.05263157894736842,0.07692307692307693,0.058823529411764705,0.06666666666666667,0.5,0.043478260869565216,0.05263157894736842,0.5,0.04,0.09090909090909091,0.5,0.5,0.2,0.5,0.05,0.041666666666666664
Vehicle_11,8820957,162,0.05263157894736842,0.07692307692307693,0.047619047619047616,0.06666666666666667,0.5,0.04,0.05263157894736842,0.5,0.037037037037037035,0.09090909090909091,0.03125,0.043478260869565216,0.030303030303030304,0.045454545454545456,0.045454545454545456,0.037037037037037035
Vehicle_11,8820957,163,0.05263157894736842,0.06666666666666667,0.02702702702702703,0.034482758620689655,0.5,0.04,0.037037037037037035,0.5,0.045454545454545456,0.09090909090909091,0.027777777777777776,0.04,0.034482758620689655,0.047619047619047616,0.045454545454545456,0.03125
Vehicle_11,8820957,164,0.05263157894736842,0.0625,0.03571428571428571,0.043478260869565216,0.5,0.045454545454545456,0.05263157894736842,0.5,0.041666666666666664,0.09090909090909091,0.07142857142857142,0.2,0.04,0.3333333333333333,0.047619047619047616,0.037037037037037035
Vehicle_11,8820957,165,0.05263157894736842,0.05263157894736842,0.043478260869565216,0.047619047619047616,0.5,0.038461538461538464,0.047619047619047616,0.5,0.037037037037037035,0.09090909090909091,0.038461538461538464,0.05263157894736842,0.029411764705882353,0.1111111111111111,0.045454545454545456,0.037037037037037035
Vehicle_11,8820957,166,0.05263157894736842,0.05263157894736842,0.03333333333333333,0.038461538461538464,0.5,0.043478260869565216,0.07692307692307693,0.5,0.04,0.09090909090909091,0.02857142857142857,0.043478260869565216,0.02564102564102564,0.05263157894736842,0.043478260869565216,0.04
Vehicle_11,8820957,167,0.05263157894736842,0.09090909090909091,0.058823529411764705,0.0625,0.5,0.06666666666666667,0.08333333333333333,0.5,0.041666666666666664,0.09090909090909091,0.03333333333333333,0.04,0.02564102564102564,0.045454545454545456,0.045454545454545456,0.03571428571428571
Vehicle_11,8820957,168,0.05263157894736842,0.05263157894736842,0.05263157894736842,0.08333333333333333,0.5,0.05555555555555555,0.07692307692307693,0.5,0.034482758620689655,0.09090909090909091,0.022727272727272728,0.027777777777777776,0.03571428571428571,0.029411764705882353,0.05,0.03333333333333333
Vehicle_11,8820957,169,0.05263157894736842,0.0625,0.043478260869565216,0.047619047619047616,0.5,0.05555555555555555,0.08333333333333333,0.5,0.038461538461538464,0.09090909090909091,0.0625,0.16666666666666666,0.037037037037037035,0.3333333333333333,0.05,0.043478260869565216
Vehicle_11,8820957,170,0.05263157894736842,0.058823529411764705,0.05555555555555555,0.06666666666666667,0.5,0.0625,0.0625,0.5,0.037037037037037035,0.09090909090909091,0.038461538461538464,0.07692307692307693,0.037037037037037035,0.06666666666666667,0.045454545454545456,0.037037037037037035
Vehicle_11,8820957,171,0.05263157894736842,0.0625,0.045454545454545456,0.05263157894736842,0.5,0.058823529411764705,0.0625,0.5,0.043478260869565216,0.09090909090909091,0.02564102564102564,0.03571428571428571,0.02564102564102564,0.043478260869565216,0.04,0.03225806451612903
Vehicle_11,8820957,172,0.05263157894736842,0.07142857142857142,0.05263157894736842,0.06666666666666667,0.5,0.043478260869565216,0.05263157894736842,0.5,0.041666666666666664,0.09090909090909091,0.022222222222222223,0.029411764705882353,0.037037037037037035,0.037037037037037035,0.05555555555555555,0.043478260869565216
Vehicle_11,8820957,173,0.05263157894736842,0.0625,0.03125,0.043478260869565216,0.5,0.038461538461538464,0.047619047619047616,0.5,0.038461538461538464,0.09090909090909091,0.0625,0.08333333333333333,0.03125,0.14285714285714285,0.041666666666666664,0.034482758620689655
Vehicle_11,8820957,174,0.05263157894736842,0.06666666666666667,0.05555555555555555,0.06666666666666667,0.5,0.043478260869565216,0.05263157894736842,0.5,0.038461538461538464,0.09090909090909091,0.034482758620689655,0.05263157894736842,0.034482758620689655,0.05263157894736842,0.05263157894736842,0.043478260869565216
Vehicle_11,8820957,175,0.05263157894736842,0.0625,0.045454545454545456,0.05263157894736842,0.5,0.04,0.05263157894736842,0.5,0.041666666666666664,0.09090909090909091,0.027777777777777776,0.03225806451612903,0.030303030303030304,0.034482758620689655,0.05,0.043478260869565216
Vehicle_11,8820957,176,0.05263157894736842,0.06666666666666667,0.058823529411764705,0.06666666666666667,0.5,0.04,0.037037037037037035,0.5,0.04,0.09090909090909091,0.029411764705882353,0.041666666666666664,0.029411764705882353,0.043478260869565216,0.043478260869565216,0.041666666666666664
Vehicle_11,8820957,177,0.05263157894736842,0.07142857142857142,0.05263157894736842,0.08333333333333333,0.5,0.04,0.037037037037037035,0.5,0.043478260869565216,0.09090909090909091,0.022727272727272728,0.02702702702702703,0.034482758620689655,0.03333333333333333,0.04,0.037037037037037035
Vehicle_11,8820957,178,0.05263157894736842,0.06666666666666667,0.04,0.047619047619047616,0.5,0.05,0.07142857142857142,0.5,0.041666666666666664,0.09090909090909091,0.06666666666666667,0.0625,0.037037037037037035,0.1111111111111111,0.037037037037037035,0.03125
Vehicle_11,8820957,179,0.05263157894736842,0.0625,0.03225806451612903,0.038461538461538464,0.5,0.07142857142857142,0.07692307692307693,0.5,0.05263157894736842,0.09090909090909091,0.1,0.25,0.05263157894736842,0.3333333333333333,0.038461538461538464,0.037037037037037035
Vehicle_11,8820957,180,0.05263157894736842,0.05555555555555555,0.03571428571428571,0.045454545454545456,0.5,0.03571428571428571,0.0625,0.5,0.05555555555555555,0.09090909090909091,0.5,0.5,0.5,0.5,0.0625,0.047619047619047616
Vehicle_11,8820957,181,0.05263157894736842,0.05555555555555555,0.04,0.047619047619047616,0.5,0.0625,0.07692307692307693,0.5,0.041666666666666664,0.09090909090909091,0.5,0.5,0.5,0.5,0.058823529411764705,0.05
Vehicle_11,8820957,182,0.05263157894736842,0.07692307692307693,0.05263157894736842,0.05555555555555555,0.5,0.07142857142857142,0.07692307692307693,0.5,0.041666666666666664,0.09090909090909091,0.038461538461538464,0.07142857142857142,0.029411764705882353,0.1,0.043478260869565216,0.03333333333333333
Vehicle_11,8820957,183,0.05263157894736842,0.0625,0.05,0.07142857142857142,0.5,0.03571428571428571,0.0625,0.5,0.05263157894736842,0.09090909090909091,0.03333333333333333,0.045454545454545456,0.030303030303030304,0.05263157894736842,0.038461538461538464,0.037037037037037035
Vehicle_11,8820957,184,0.05263157894736842,0.0625,0.058823529411764705,0.0625,0.5,0.0625,0.07692307692307693,0.5,0.05555555555555555,0.09090909090909091,0.027777777777777776,0.037037037037037035,0.038461538461538464,0.05,0.0625,0.047619047619047616
Vehicle_11,8820957,185,0.05263157894736842,0.07142857142857142,0.045454545454545456,0.05263157894736842,0.5,0.0625,0.0625,0.5,0.041666666666666664,0.09090909090909091,0.3333333333333333,0.5,0.125,0.5,0.045454545454545456,0.037037037037037035
Vehicle_11,8820957,186,0.05263157894736842,0.05263157894736842,0.05263157894736842,0.0625,0.5,0.07142857142857142,0.08333333333333333,0.5,0.07142857142857142,0.09090909090909091,0.25,0.14285714285714285,0.08333333333333333,0.25,0.043478260869565216,0.03225806451612903
Vehicle_11,8820957,187,0.05555555555555555,0.06666666666666667,0.047619047619047616,0.07142857142857142,0.5,0.06666666666666667,0.07692307692307693,0.5,0.05,0.09090909090909091,0.02631578947368421,0.037037037037037035,0.03225806451612903,0.04,0.05555555555555555,0.043478260869565216
Vehicle_11,8820957,188,0.05555555555555555,0.06666666666666667,0.058823529411764705,0.07142857142857142,0.5,0.1,0.06666666666666667,0.5,0.04,0.09090909090909091,0.030303030303030304,0.03571428571428571,0.041666666666666664,0.037037037037037035,0.047619047619047616,0.041666666666666664
Vehicle_11,8820957,189,0.05555555555555555,0.07142857142857142,0.05263157894736842,0.06666666666666667,0.5,0.05,0.07142857142857142,0.5,0.03125,0.09090909090909091,0.02857142857142857,0.03125,0.041666666666666664,0.034482758620689655,0.045454545454545456,0.034482758620689655
Vehicle_11,8820957,190,0.05,0.0625,0.041666666666666664,0.05263157894736842,0.5,0.03571428571428571,0.041666666666666664,0.5,0.03125,0.09090909090909091,0.0625,0.1,0.02631578947368421,0.14285714285714285,0.05,0.038461538461538464
Vehicle_11,8820957,191,0.05263157894736842,0.058823529411764705,0.05263157894736842,0.05555555555555555,0.5,0.05263157894736842,0.08333333333333333,0.5,0.03125,0.09090909090909091,0.03225806451612903,0.03571428571428571,0.05,0.0625,0.05,0.045454545454545456
Vehicle_11,8820957,192,0.05555555555555555,0.06666666666666667,0.05263157894736842,0.06666666666666667,0.5,0.08333333333333333,0.07692307692307693,0.5,0.03125,0.09090909090909091,0.025,0.03225806451612903,0.04,0.034482758620689655,0.043478260869565216,0.043478260869565216
Vehicle_11,8820957,193,0.05555555555555555,0.0625,0.03125,0.043478260869565216,0.5,0.058823529411764705,0.0625,0.5,0.04,0.09090909090909091,0.029411764705882353,0.041666666666666664,0.03225806451612903,0.043478260869565216,0.041666666666666664,0.038461538461538464
Vehicle_11,8820957,194,0.05,0.05555555555555555,0.03333333333333333,0.038461538461538464,0.5,0.047619047619047616,0.058823529411764705,0.5,0.037037037037037035,0.09090909090909091,0.03333333333333333,0.041666666666666664,0.03571428571428571,0.04,0.05555555555555555,0.03571428571428571
Vehicle_11,8820957,195,0.05263157894736842,0.0625,0.04,0.05,0.5,0.058823529411764705,0.08333333333333333,0.5,0.04,0.09090909090909091,0.027777777777777776,0.03225806451612903,0.034482758620689655,0.034482758620689655,0.05263157894736842,0.047619047619047616
Vehicle_11,8820957,196,0.05263157894736842,0.05555555555555555,0.03125,0.043478260869565216,0.5,0.043478260869565216,0.06666666666666667,0.5,0.04,0.09090909090909091,0.021739130434782608,0.029411764705882353,0.041666666666666664,0.037037037037037035,0.0625,0.034482758620689655
Vehicle_11,8820957,197,0.05263157894736842,0.05555555555555555,0.03333333333333333,0.038461538461538464,0.5,0.047619047619047616,0.05,0.5,0.037037037037037035,0.09090909090909091,0.05555555555555555,0.058823529411764705,0.05263157894736842,0.125,0.1111111111111111,0.07692307692307693
Vehicle_11,8820957,198,0.05263157894736842,0.058823529411764705,0.038461538461538464,0.047619047619047616,0.5,0.05263157894736842,0.08333333333333333,0.5,0.034482758620689655,0.09090909090909091,0.03125,0.045454545454545456,0.04,0.05263157894736842,0.041666666666666664,0.041666666666666664
Vehicle_11,8820957,199,0.05263157894736842,0.07142857142857142,0.037037037037037035,0.047619047619047616,0.5,0.045454545454545456,0.05263157894736842,0.5,0.038461538461538464,0.09090909090909091,0.03333333333333333,0.038461538461538464,0.03225806451612903,0.037037037037037035,0.041666666666666664,0.038461538461538464
Vehicle_11,8820957,200,0.05263157894736842,0.0625,0.027777777777777776,0.034482758620689655,0.5,0.05,0.07142857142857142,0.5,0.034482758620689655,0.09090909090909091,0.022727272727272728,0.029411764705882353,0.04,0.038461538461538464,0.058823529411764705,0.03571428571428571
Vehicle_11,8820957,201,0.05263157894736842,0.06666666666666667,0.038461538461538464,0.047619047619047616,0.5,0.07142857142857142,0.0625,0.5,0.034482758620689655,0.09090909090909091,0.0625,0.08333333333333333,0.037037037037037035,0.14285714285714285,0.045454545454545456,0.037037037037037035
Vehicle_11,8820957,202,0.05263157894736842,0.06666666666666667,0.05555555555555555,0.07142857142857142,0.5,0.1,0.06666666666666667,0.5,0.030303030303030304,0.09090909090909091,0.04,0.05555555555555555,0.034482758620689655,0.05263157894736842,0.038461538461538464,0.04
Vehicle_11,8820957,203,0.05263157894736842,0.06666666666666667,0.043478260869565216,0.07142857142857142,0.5,0.05,0.07142857142857142,0.5,0.038461538461538464,0.09090909090909091,0.02631578947368421,0.034482758620689655,0.041666666666666664,0.043478260869565216,0.041666666666666664,0.03571428571428571
Vehicle_11,8820957,204,0.05263157894736842,0.06666666666666667,0.038461538461538464,0.047619047619047616,0.5,0.07142857142857142,0.0625,0.5,0.034482758620689655,0.09090909090909091,0.030303030303030304,0.034482758620689655,0.041666666666666664,0.047619047619047616,0.045454545454545456,0.037037037037037035
Vehicle_11,8820957,205,0.05263157894736842,0.06666666666666667,0.037037037037037035,0.047619047619047616,0.5,0.1,0.06666666666666667,0.5,0.038461538461538464,0.09090909090909091,0.02631578947368421,0.034482758620689655,0.041666666666666664,0.043478260869565216,0.041666666666666664,0.03571428571428571
Vehicle_11,8820957,206,0.05263157894736842,0.06666666666666667,0.027777777777777776,0.034482758620689655,0.5,0.05,0.07142857142857142,0.5,0.034482758620689655,0.09090909090909091,0.02127659574468085,0.02702702702702703,0.04,0.03333333333333333,0.058823529411764705,0.03571428571428571
Vehicle_11,8820957,207,0.05263157894736842,0.06666666666666667,0.027777777777777776,0.034482758620689655,0.5,0.07142857142857142,0.0625,0.5,0.034482758620689655,0.09090909090909091,0.07692307692307693,0.08333333333333333,0.03333333333333333,0.25,0.058823529411764705,0.03571428571428571
Vehicle_11,8820957,208,0.05263157894736842,0.06666666666666667,0.027777777777777776,0.034482758620689655,0.5,0.047619047619047616,0.058823529411764705,0.5,0.034482758620689655,0.09090909090909091,0.05555555555555555,0.07692307692307693,0.03571428571428571,0.06666666666666667,0.05555555555555555,0.03571428571428571
Vehicle_11,8820957,209,0.05263157894736842,0.06666666666666667,0.027777777777777776,0.034482758620689655,0.5,0.04,0.037037037037037035,0.5,0.034482758620689655,0.09090909090909091,0.034482758620689655,0.037037037037037035,0.029411764705882353,0.041666666666666664,0.037037037037037035,0.03333333333333333
Vehicle_11,8820957,210,0.05263157894736842,0.05555555555555555,0.027777777777777776,0.034482758620689655,0.5,0.047619047619047616,0.0625,0.5,0.034482758620689655,0.09090909090909091,0.02127659574468085,0.02702702702702703,0.034482758620689655,0.03333333333333333,0.041666666666666664,0.041666666666666664
Vehicle_11,8820957,211,0.05263157894736842,0.07142857142857142,0.038461538461538464,0.047619047619047616,0.5,0.03571428571428571,0.041666666666666664,0.5,0.034482758620689655,0.09090909090909091,0.0625,0.08333333333333333,0.03333333333333333,0.14285714285714285,0.05555555555555555,0.03571428571428571
Vehicle_11,8820957,212,0.05263157894736842,0.07142857142857142,0.037037037037037035,0.047619047619047616,0.5,0.04,0.037037037037037035,0.5,0.038461538461538464,0.09090909090909091,0.03571428571428571,0.047619047619047616,0.037037037037037035,0.08333333333333333,0.037037037037037035,0.03333333333333333
Vehicle_11,8820957,213,0.05263157894736842,0.0625,0.027777777777777776,0.034482758620689655,0.5,0.04,0.037037037037037035,0.5,0.034482758620689655,0.09090909090909091,0.023255813953488372,0.02702702702702703,0.034482758620689655,0.034482758620689655,0.037037037037037035,0.03333333333333333
Vehicle_11,8820957,214,0.05263157894736842,0.06666666666666667,0.027777777777777776,0.034482758620689655,0.5,0.04,0.037037037037037035,0.5,0.034482758620689655,0.09090909090909091,0.043478260869565216,0.05263157894736842,0.04,0.09090909090909091,0.037037037037037035,0.03333333333333333
Vehicle_11,8820957,215,0.05263157894736842,0.0625,0.03571428571428571,0.045454545454545456,0.5,0.04,0.037037037037037035,0.5,0.038461538461538464,0.09090909090909091,0.05555555555555555,0.07142857142857142,0.038461538461538464,0.1,0.043478260869565216,0.038461538461538464
Vehicle_11,8820957,216,0.05263157894736842,0.0625,0.037037037037037035,0.045454545454545456,0.5,0.045454545454545456,0.05263157894736842,0.5,0.043478260869565216,0.09090909090909091,0.037037037037037035,0.043478260869565216,0.03571428571428571,0.05555555555555555,0.041666666666666664,0.037037037037037035
Vehicle_11,8820957,217,0.05263157894736842,0.058823529411764705,0.04,0.05,0.5,0.04,0.05263157894736842,0.5,0.047619047619047616,0.09090909090909091,0.025,0.034482758620689655,0.038461538461538464,0.05,0.043478260869565216,0.037037037037037035
Vehicle_11,8820957,218,0.05263157894736842,0.058823529411764705,0.03333333333333333,0.038461538461538464,0.5,0.05,0.07142857142857142,0.5,0.045454545454545456,0.09090909090909091,0.08333333333333333,0.05263157894736842,0.037037037037037035,0.09090909090909091,0.05,0.041666666666666664
Vehicle_11,8820957,219,0.05263157894736842,0.08333333333333333,0.03571428571428571,0.045454545454545456,0.5,0.07142857142857142,0.07692307692307693,0.5,0.05555555555555555,0.09090909090909091,0.1111111111111111,0.16666666666666666,0.038461538461538464,0.1111111111111111,0.0625,0.047619047619047616
Vehicle_11,8820957,220,0.05263157894736842,0.058823529411764705,0.05555555555555555,0.06666666666666667,0.5,0.03571428571428571,0.0625,0.5,0.043478260869565216,0.09090909090909091,0.0625,0.16666666666666666,0.03571428571428571,0.3333333333333333,0.04,0.034482758620689655
Vehicle_11,8820957,221,0.05263157894736842,0.08333333333333333,0.047619047619047616,0.06666666666666667,0.5,0.0625,0.07692307692307693,0.5,0.045454545454545456,0.09090909090909091,0.027777777777777776,0.037037037037037035,0.029411764705882353,0.06666666666666667,0.05,0.038461538461538464
Vehicle_11,8820957,222,0.05263157894736842,0.06666666666666667,0.03571428571428571,0.045454545454545456,0.5,0.07142857142857142,0.07692307692307693,0.5,0.05555555555555555,0.09090909090909091,0.03125,0.034482758620689655,0.030303030303030304,0.043478260869565216,0.0625,0.047619047619047616
Vehicle_11,8820957,223,0.05263157894736842,0.07692307692307693,0.03333333333333333,0.038461538461538464,0.5,0.04,0.05263157894736842,0.5,0.037037037037037035,0.09090909090909091,0.02,0.02702702702702703,0.038461538461538464,0.03333333333333333,0.045454545454545456,0.037037037037037035
Vehicle_11,8820957,224,0.05263157894736842,0.0625,0.027777777777777776,0.034482758620689655,0.5,0.045454545454545456,0.05263157894736842,0.5,0.04,0.09090909090909091,0.07692307692307693,0.0625,0.037037037037037035,0.1111111111111111,0.045454545454545456,0.03125
Vehicle_11,8820957,225,0.05263157894736842,0.06666666666666667,0.03571428571428571,0.045454545454545456,0.5,0.0625,0.07692307692307693,0.5,0.05555555555555555,0.09090909090909091,0.07692307692307693,0.058823529411764705,0.03333333333333333,0.07142857142857142,0.0625,0.047619047619047616
Vehicle_11,8820957,226,0.05263157894736842,0.058823529411764705,0.03333333333333333,0.038461538461538464,0.5,0.05,0.07692307692307693,0.5,0.037037037037037035,0.09090909090909091,0.03125,0.038461538461538464,0.030303030303030304,0.038461538461538464,0.045454545454545456,0.037037037037037035
Vehicle_11,8820957,227,0.05263157894736842,0.0625,0.027777777777777776,0.034482758620689655,0.5,0.04,0.037037037037037035,0.5,0.034482758620689655,0.09090909090909091,0.022727272727272728,0.029411764705882353,0.03571428571428571,0.038461538461538464,0.037037037037037035,0.03333333333333333
Vehicle_11,8820957,228,0.05263157894736842,0.07692307692307693,0.027777777777777776,0.034482758620689655,0.5,0.045454545454545456,0.05263157894736842,0.5,0.04,0.09090909090909091,0.07692307692307693,0.0625,0.037037037037037035,0.1111111111111111,0.045454545454545456,0.03125
Vehicle_11,8820957,229,0.058823529411764705,0.058823529411764705,0.058823529411764705,0.0625,0.5,0.03571428571428571,0.0625,0.5,0.05555555555555555,0.09090909090909091,0.07692307692307693,0.058823529411764705,0.03333333333333333,0.07142857142857142,0.0625,0.047619047619047616
Vehicle_11,8820957,230,0.05263157894736842,0.07142857142857142,0.047619047619047616,0.06666666666666667,0.5,0.0625,0.07692307692307693,0.5,0.045454545454545456,0.09090909090909091,0.02857142857142857,0.038461538461538464,0.030303030303030304,0.038461538461538464,0.05,0.038461538461538464
Vehicle_11,8820957,231,0.05263157894736842,0.07692307692307693,0.027777777777777776,0.034482758620689655,0.5,0.0625,0.0625,0.5,0.047619047619047616,0.09090909090909091,0.034482758620689655,0.043478260869565216,0.03125,0.05263157894736842,0.041666666666666664,0.041666666666666664
Vehicle_11,8820957,232,0.05263157894736842,0.0625,0.027777777777777776,0.034482758620689655,0.5,0.07142857142857142,0.08333333333333333,0.5,0.047619047619047616,0.09090909090909091,0.02127659574468085,0.029411764705882353,0.037037037037037035,0.038461538461538464,0.05555555555555555,0.043478260869565216
Vehicle_11,8820957,233,0.05263157894736842,0.06666666666666667,0.027777777777777776,0.034482758620689655,0.5,0.0625,0.0625,0.5,0.047619047619047616,0.09090909090909091,0.05,0.08333333333333333,0.03125,0.14285714285714285,0.041666666666666664,0.041666666666666664
Vehicle_11,8820957,234,0.05263157894736842,0.07142857142857142,0.027777777777777776,0.034482758620689655,0.5,0.058823529411764705,0.0625,0.5,0.047619047619047616,0.09090909090909091,0.03571428571428571,0.047619047619047616,0.02857142857142857,0.08333333333333333,0.043478260869565216,0.030303030303030304
Vehicle_11,8820957,235,0.05263157894736842,0.0625,0.03571428571428571,0.045454545454545456,0.5,0.043478260869565216,0.07692307692307693,0.5,0.041666666666666664,0.09090909090909091,0.029411764705882353,0.043478260869565216,0.03125,0.05263157894736842,0.045454545454545456,0.03571428571428571
Vehicle_11,8820957,236,0.05263157894736842,0.0625,0.03333333333333333,0.038461538461538464,0.5,0.041666666666666664,0.05,0.5,0.03125,0.09090909090909091,0.02857142857142857,0.037037037037037035,0.043478260869565216,0.047619047619047616,0.05,0.037037037037037035
Vehicle_11,8820957,237,0.05263157894736842,0.05263157894736842,0.03571428571428571,0.045454545454545456,0.5,0.047619047619047616,0.05263157894736842,0.5,0.047619047619047616,0.09090909090909091,0.022727272727272728,0.034482758620689655,0.029411764705882353,0.05,0.05,0.037037037037037035
Vehicle_11,8820957,238,0.05263157894736842,0.06666666666666667,0.04,0.047619047619047616,0.5,0.03225806451612903,0.041666666666666664,0.5,0.038461538461538464,0.09090909090909091,0.08333333333333333,0.1,0.03225806451612903,0.14285714285714285,0.041666666666666664,0.034482758620689655
Vehicle_11,8820957,239,0.05263157894736842,0.0625,0.03225806451612903,0.038461538461538464,0.5,0.043478260869565216,0.047619047619047616,0.5,0.04,0.09090909090909091,0.02564102564102564,0.04,0.022727272727272728,0.09090909090909091,0.041666666666666664,0.037037037037037035
Vehicle_11,8820957,240,0.05263157894736842,0.0625,0.04,0.05,0.5,0.047619047619047616,0.05263157894736842,0.5,0.047619047619047616,0.09090909090909091,0.027777777777777776,0.045454545454545456,0.024390243902439025,0.047619047619047616,0.041666666666666664,0.037037037037037035
Vehicle_11,8820957,241,0.05263157894736842,0.08333333333333333,0.03125,0.043478260869565216,0.5,0.03225806451612903,0.041666666666666664,0.5,0.037037037037037035,0.09090909090909091,0.021739130434782608,0.02702702702702703,0.027777777777777776,0.03333333333333333,0.05,0.037037037037037035
Vehicle_11,8820957,242,0.05263157894736842,0.07692307692307693,0.043478260869565216,0.047619047619047616,0.5,0.03225806451612903,0.041666666666666664,0.5,0.034482758620689655,0.09090909090909091,0.0625,0.0625,0.03225806451612903,0.1111111111111111,0.038461538461538464,0.03333333333333333
Vehicle_11,8820957,243,0.05263157894736842,0.08333333333333333,0.03333333333333333,0.038461538461538464,0.5,0.03225806451612903,0.041666666666666664,0.5,0.034482758620689655,0.09090909090909091,0.03125,0.045454545454545456,0.02564102564102564,0.05263157894736842,0.05,0.041666666666666664
Vehicle_11,8820957,244,0.05263157894736842,0.0625,0.058823529411764705,0.0625,0.5,0.03225806451612903,0.041666666666666664,0.5,0.038461538461538464,0.09090909090909091,0.029411764705882353,0.038461538461538464,0.02857142857142857,0.037037037037037035,0.043478260869565216,0.034482758620689655
Vehicle_11,8820957,245,0.05263157894736842,0.09090909090909091,0.05263157894736842,0.08333333333333333,0.5,0.041666666666666664,0.05263157894736842,0.5,0.034482758620689655,0.09090909090909091,0.02631578947368421,0.029411764705882353,0.03571428571428571,0.038461538461538464,0.041666666666666664,0.038461538461538464
Vehicle_11,8820957,246,0.05263157894736842,0.05263157894736842,0.043478260869565216,0.047619047619047616,0.5,0.043478260869565216,0.07692307692307693,0.5,0.034482758620689655,0.09090909090909091,0.037037037037037035,0.058823529411764705,0.03571428571428571,0.05555555555555555,0.043478260869565216,0.034482758620689655
Vehicle_11,8820957,247,0.05263157894736842,0.0625,0.05555555555555555,0.06666666666666667,0.5,0.037037037037037035,0.05263157894736842,0.5,0.034482758620689655,0.09090909090909091,0.034482758620689655,0.1111111111111111,0.037037037037037035,0.125,0.05,0.03333333333333333
Vehicle_11,8820957,248,0.05263157894736842,0.0625,0.05263157894736842,0.08333333333333333,0.5,0.03225806451612903,0.041666666666666664,0.5,0.034482758620689655,0.09090909090909091,0.0625,0.1111111111111111,0.043478260869565216,0.1111111111111111,0.038461538461538464,0.03333333333333333
Vehicle_11,8820957,249,0.05263157894736842,0.09090909090909091,0.03333333333333333,0.038461538461538464,0.5,0.03225806451612903,0.041666666666666664,0.5,0.034482758620689655,0.09090909090909091,0.14285714285714285,0.1,0.03225806451612903,0.125,0.05,0.041666666666666664
Vehicle_11,8820957,250,0.05263157894736842,0.058823529411764705,0.027777777777777776,0.034482758620689655,0.5,0.05,0.05555555555555555,0.5,0.047619047619047616,0.09090909090909091,0.05555555555555555,0.125,0.02857142857142857,0.07142857142857142,0.05,0.045454545454545456
Vehicle_11,8820957,251,0.058823529411764705,0.0625,0.03571428571428571,0.045454545454545456,0.5,0.058823529411764705,0.0625,0.5,0.041666666666666664,0.09090909090909091,0.029411764705882353,0.04,0.02564102564102564,0.045454545454545456,0.058823529411764705,0.043478260869565216
Vehicle_11,8820957,252,0.05263157894736842,0.05263157894736842,0.05555555555555555,0.06666666666666667,0.5,0.043478260869565216,0.05263157894736842,0.5,0.038461538461538464,0.09090909090909091,0.03125,0.03571428571428571,0.03571428571428571,0.043478260869565216,0.05263157894736842,0.043478260869565216
Vehicle_11,8820957,253,0.05263157894736842,0.05263157894736842,0.05263157894736842,0.08333333333333333,0.5,0.0625,0.07692307692307693,0.5,0.043478260869565216,0.09090909090909091,0.03125,0.038461538461538464,0.030303030303030304,0.038461538461538464,0.04,0.034482758620689655
Vehicle_11,8820957,254,0.05263157894736842,0.07142857142857142,0.03333333333333333,0.038461538461538464,0.5,0.07142857142857142,0.07692307692307693,0.5,0.045454545454545456,0.09090909090909091,0.024390243902439025,0.02702702702702703,0.030303030303030304,0.04,0.05,0.038461538461538464
Vehicle_11,8820957,255,0.05263157894736842,0.06666666666666667,0.027777777777777776,0.034482758620689655,0.5,0.03571428571428571,0.0625,0.5,0.047619047619047616,0.09090909090909091,0.07692307692307693,0.08333333333333333,0.045454545454545456,0.14285714285714285,0.047619047619047616,0.034482758620689655
Vehicle_11,8820957,256,0.05263157894736842,0.058823529411764705,0.027777777777777776,0.034482758620689655,0.5,0.04,0.05263157894736842,0.5,0.041666666666666664,0.09090909090909091,0.05555555555555555,0.06666666666666667,0.038461538461538464,0.07142857142857142,0.047619047619047616,0.041666666666666664
Vehicle_11,8820957,257,0.05263157894736842,0.058823529411764705,0.027777777777777776,0.034482758620689655,0.5,0.04,0.037037037037037035,0.5,0.034482758620689655,0.09090909090909091,0.034482758620689655,0.037037037037037035,0.029411764705882353,0.041666666666666664,0.037037037037037035,0.03333333333333333
Vehicle_11,8820957,258,0.05263157894736842,0.0625,0.027777777777777776,0.034482758620689655,0.5,0.05,0.07142857142857142,0.5,0.04,0.09090909090909091,0.034482758620689655,0.043478260869565216,0.03571428571428571,0.045454545454545456,0.045454545454545456,0.03125
Vehicle_11,8820957,259,0.05263157894736842,0.06666666666666667,0.03571428571428571,0.045454545454545456,0.5,0.07142857142857142,0.07692307692307693,0.5,0.05555555555555555,0.09090909090909091,0.02631578947368421,0.02702702702702703,0.030303030303030304,0.034482758620689655,0.0625,0.047619047619047616
Vehicle_11,8820957,260,0.05263157894736842,0.05263157894736842,0.03333333333333333,0.038461538461538464,0.5,0.03571428571428571,0.0625,0.5,0.045454545454545456,0.09090909090909091,0.05555555555555555,0.05263157894736842,0.045454545454545456,0.09090909090909091,0.05,0.038461538461538464
Vehicle_11,8820957,261,0.05263157894736842,0.05263157894736842,0.058823529411764705,0.0625,0.5,0.038461538461538464,0.047619047619047616,0.5,0.041666666666666664,0.09090909090909091,0.037037037037037035,0.06666666666666667,0.037037037037037035,0.07142857142857142,0.04,0.034482758620689655
Vehicle_11,8820957,262,0.05263157894736842,0.06666666666666667,0.047619047619047616,0.06666666666666667,0.5,0.043478260869565216,0.07692307692307693,0.5,0.04,0.09090909090909091,0.03333333333333333,0.034482758620689655,0.02564102564102564,0.047619047619047616,0.043478260869565216,0.04
Vehicle_11,8820957,263,0.05263157894736842,0.05263157894736842,0.03571428571428571,0.045454545454545456,0.5,0.037037037037037035,0.05263157894736842,0.5,0.041666666666666664,0.09090909090909091,0.02564102564102564,0.029411764705882353,0.03571428571428571,0.03125,0.05,0.03333333333333333
Vehicle_11,8820957,264,0.05263157894736842,0.07692307692307693,0.043478260869565216,0.047619047619047616,0.5,0.043478260869565216,0.047619047619047616,0.5,0.04,0.09090909090909091,0.0625,0.08333333333333333,0.03225806451612903,0.14285714285714285,0.03571428571428571,0.02857142857142857
Vehicle_11,8820957,265,0.05263157894736842,0.07692307692307693,0.03333333333333333,0.045454545454545456,0.5,0.04,0.05263157894736842,0.5,0.05555555555555555,0.09090909090909091,0.05555555555555555,0.07142857142857142,0.02564102564102564,0.1,0.041666666666666664,0.02702702702702703
Vehicle_11,8820957,266,0.05263157894736842,0.09090909090909091,0.04,0.047619047619047616,0.5,0.037037037037037035,0.047619047619047616,0.5,0.041666666666666664,0.09090909090909091,0.030303030303030304,0.041666666666666664,0.038461538461538464,0.043478260869565216,0.047619047619047616,0.03571428571428571
Vehicle_11,8820957,267,0.05263157894736842,0.1,0.037037037037037035,0.058823529411764705,0.5,0.037037037037037035,0.045454545454545456,0.5,0.043478260869565216,0.09090909090909091,0.024390243902439025,0.037037037037037035,0.03125,0.04,0.07142857142857142,0.043478260869565216
Vehicle_11,8820957,268,0.05263157894736842,0.25,0.05555555555555555,0.06666666666666667,0.5,0.05,0.07142857142857142,0.5,0.04,0.09090909090909091,0.02564102564102564,0.03125,0.022727272727272728,0.037037037037037035,0.06666666666666667,0.045454545454545456
Vehicle_11,8820957,269,0.05263157894736842,0.14285714285714285,0.05555555555555555,0.07692307692307693,0.5,0.06666666666666667,0.09090909090909091,0.5,0.041666666666666664,0.09090909090909091,0.037037037037037035,0.0625,0.09090909090909091,0.1,0.25,0.09090909090909091
Vehicle_11,8820957,270,0.05263157894736842,0.14285714285714285,0.045454545454545456,0.06666666666666667,0.5,0.05263157894736842,0.0625,0.5,0.05,0.09090909090909091,0.037037037037037035,0.1,0.0625,0.1111111111111111,0.07142857142857142,0.05263157894736842
Vehicle_11,8820957,271,0.05263157894736842,0.1111111111111111,0.047619047619047616,0.058823529411764705,0.5,0.058823529411764705,0.07692307692307693,0.5,0.045454545454545456,0.09090909090909091,0.027777777777777776,0.03125,0.03571428571428571,0.047619047619047616,0.047619047619047616,0.04
Vehicle_11,8820957,272,0.05263157894736842,0.16666666666666666,0.05555555555555555,0.07692307692307693,0.5,0.03125,0.038461538461538464,0.5,0.058823529411764705,0.09090909090909091,0.04,0.03333333333333333,0.023255813953488372,0.041666666666666664,0.058823529411764705,0.037037037037037035
Vehicle_11,8820957,273,0.05263157894736842,0.1,0.06666666666666667,0.07692307692307693,0.5,0.0625,0.07142857142857142,0.5,0.03225806451612903,0.09090909090909091,0.03225806451612903,0.08333333333333333,0.06666666666666667,0.14285714285714285,0.045454545454545456,0.04
Vehicle_11,8820957,274,0.05263157894736842,0.07142857142857142,0.058823529411764705,0.0625,0.5,0.05555555555555555,0.0625,0.5,0.04,0.09090909090909091,0.041666666666666664,0.038461538461538464,0.034482758620689655,0.07142857142857142,0.05263157894736842,0.047619047619047616
Vehicle_11,8820957,275,0.058823529411764705,0.0625,0.06666666666666667,0.07692307692307693,0.5,0.05555555555555555,0.0625,0.5,0.041666666666666664,0.09090909090909091,0.03571428571428571,0.03225806451612903,0.023255813953488372,0.034482758620689655,0.058823529411764705,0.043478260869565216
Vehicle_11,8820957,276,0.058823529411764705,0.0625,0.058823529411764705,0.0625,0.5,0.05555555555555555,0.0625,0.5,0.04,0.09090909090909091,0.03225806451612903,0.041666666666666664,0.03333333333333333,0.043478260869565216,0.05263157894736842,0.047619047619047616
Vehicle_11,8820957,277,0.058823529411764705,0.07142857142857142,0.07692307692307693,0.06666666666666667,0.5,0.05555555555555555,0.0625,0.5,0.041666666666666664,0.09090909090909091,0.03571428571428571,0.02702702702702703,0.03333333333333333,0.05,0.043478260869565216,0.034482758620689655
Vehicle_11,8820957,278,0.058823529411764705,0.07142857142857142,0.047619047619047616,0.05,0.5,0.05555555555555555,0.0625,0.5,0.037037037037037035,0.09090909090909091,0.03225806451612903,0.1,0.07142857142857142,0.1111111111111111,0.06666666666666667,0.05
Vehicle_11,8820957,279,0.058823529411764705,0.07142857142857142,0.07142857142857142,0.08333333333333333,0.5,0.05555555555555555,0.0625,0.5,0.04,0.09090909090909091,0.05,0.16666666666666666,0.08333333333333333,0.25,0.05,0.041666666666666664
Vehicle_11,8820957,280,0.058823529411764705,0.05555555555555555,0.07692307692307693,0.08333333333333333,0.5,0.05555555555555555,0.06666666666666667,0.5,0.03125,0.09090909090909091,0.0625,0.09090909090909091,0.0625,0.09090909090909091,0.05,0.04
Vehicle_11,8820957,281,0.058823529411764705,0.08333333333333333,0.05263157894736842,0.047619047619047616,0.5,0.058823529411764705,0.06666666666666667,0.5,0.03125,0.09090909090909091,0.03571428571428571,0.04,0.027777777777777776,0.047619047619047616,0.07142857142857142,0.047619047619047616
Vehicle_11,8820957,282,0.058823529411764705,0.05555555555555555,0.07142857142857142,0.06666666666666667,0.5,0.058823529411764705,0.07142857142857142,0.5,0.03125,0.09090909090909091,0.041666666666666664,0.030303030303030304,0.03125,0.041666666666666664,0.05263157894736842,0.041666666666666664
Vehicle_11,8820957,283,0.058823529411764705,0.1,0.07692307692307693,0.058823529411764705,0.5,0.05263157894736842,0.0625,0.5,0.037037037037037035,0.09090909090909091,0.034482758620689655,0.02564102564102564,0.021739130434782608,0.03125,0.041666666666666664,0.037037037037037035
Vehicle_11,8820957,284,0.058823529411764705,0.07142857142857142,0.05263157894736842,0.06666666666666667,0.5,0.038461538461538464,0.045454545454545456,0.5,0.03225806451612903,0.09090909090909091,0.0625,0.058823529411764705,0.05263157894736842,0.08333333333333333,0.05,0.04
Vehicle_11,8820957,285,0.058823529411764705,0.07692307692307693,0.07142857142857142,0.06666666666666667,0.5,0.05,0.058823529411764705,0.5,0.037037037037037035,0.09090909090909091,0.03571428571428571,0.04,0.045454545454545456,0.045454545454545456,0.047619047619047616,0.047619047619047616
Vehicle_11,8820957,286,0.058823529411764705,0.058823529411764705,0.07692307692307693,0.058823529411764705,0.5,0.038461538461538464,0.047619047619047616,0.5,0.04,0.09090909090909091,0.041666666666666664,0.030303030303030304,0.03125,0.041666666666666664,0.047619047619047616,0.047619047619047616
Vehicle_11,8820957,287,0.058823529411764705,0.07692307692307693,0.05,0.047619047619047616,0.5,0.058823529411764705,0.06666666666666667,0.5,0.03125,0.09090909090909091,0.03225806451612903,0.03225806451612903,0.030303030303030304,0.034482758620689655,0.08333333333333333,0.043478260869565216
Vehicle_11,8820957,288,0.058823529411764705,0.06666666666666667,0.047619047619047616,0.05,0.5,0.058823529411764705,0.07142857142857142,0.5,0.03125,0.09090909090909091,0.03571428571428571,0.03225806451612903,0.030303030303030304,0.034482758620689655,0.0625,0.05
Vehicle_11,8820957,289,0.058823529411764705,0.05555555555555555,0.05,0.047619047619047616,0.5,0.05555555555555555,0.06666666666666667,0.5,0.03125,0.09090909090909091,0.041666666666666664,0.024390243902439025,0.022727272727272728,0.02702702702702703,0.08333333333333333,0.043478260869565216
Vehicle_11,8820957,290,0.058823529411764705,0.05555555555555555,0.047619047619047616,0.05,0.5,0.058823529411764705,0.06666666666666667,0.5,0.03125,0.09090909090909091,0.03225806451612903,0.0625,0.05555555555555555,0.1,0.0625,0.05
Vehicle_11,8820957,291,0.058823529411764705,0.07692307692307693,0.05263157894736842,0.06666666666666667,0.5,0.058823529411764705,0.07142857142857142,0.5,0.03125,0.09090909090909091,0.03571428571428571,0.04,0.038461538461538464,0.045454545454545456,0.047619047619047616,0.047619047619047616
Vehicle_11,8820957,292,0.058823529411764705,0.0625,0.037037037037037035,0.058823529411764705,0.5,0.05555555555555555,0.06666666666666667,0.5,0.03125,0.09090909090909091,0.037037037037037035,0.029411764705882353,0.022727272727272728,0.03333333333333333,0.25,0.045454545454545456
Vehicle_11,8820957,293,0.058823529411764705,0.08333333333333333,0.03571428571428571,0.045454545454545456,0.5,0.037037037037037035,0.05,0.5,0.04,0.09090909090909091,0.04,0.08333333333333333,0.07142857142857142,0.14285714285714285,0.05263157894736842,0.037037037037037035
Vehicle_11,8820957,294,0.05263157894736842,0.09090909090909091,0.038461538461538464,0.0625,0.5,0.045454545454545456,0.05263157894736842,0.5,0.041666666666666664,0.09090909090909091,0.037037037037037035,0.06666666666666667,0.07692307692307693,0.07142857142857142,0.2,0.1
Vehicle_11,8820957,295,0.058823529411764705,0.16666666666666666,0.038461538461538464,0.05,0.5,0.03571428571428571,0.05263157894736842,0.5,0.038461538461538464,0.09090909090909091,0.03333333333333333,0.03571428571428571,0.025,0.043478260869565216,0.07692307692307693,0.05555555555555555
Vehicle_11,8820957,296,0.058823529411764705,0.14285714285714285,0.05,0.06666666666666667,0.5,0.037037037037037035,0.05263157894736842,0.5,0.041666666666666664,0.09090909090909091,0.03125,0.029411764705882353,0.02564102564102564,0.037037037037037035,0.0625,0.045454545454545456
Vehicle_11,8820957,297,0.05263157894736842,0.2,0.03333333333333333,0.05,0.5,0.05,0.07142857142857142,0.5,0.04,0.09090909090909091,0.1,0.07692307692307693,0.05,0.06666666666666667,0.25,0.2
Vehicle_11,8820957,298,0.05263157894736842,0.125,0.043478260869565216,0.047619047619047616,0.5,0.043478260869565216,0.047619047619047616,0.5,0.043478260869565216,0.09090909090909091,0.020833333333333332,0.04,0.04,0.05555555555555555,0.0625,0.05263157894736842
Vehicle_11,8820957,299,0.05263157894736842,0.25,0.041666666666666664,0.05263157894736842,0.5,0.0625,0.09090909090909091,0.5,0.041666666666666664,0.09090909090909091,0.025,0.03225806451612903,0.04,0.034482758620689655,0.25,0.25
Vehicle_11,8820957,300,0.05263157894736842,0.16666666666666666,0.05263157894736842,0.05555555555555555,0.5,0.08333333333333333,0.07692307692307693,0.5,0.03125,0.09090909090909091,0.025,0.03225806451612903,0.04,0.034482758620689655,0.043478260869565216,0.043478260869565216
Vehicle_11,8820957,301,0.05263157894736842,0.14285714285714285,0.05,0.06666666666666667,0.5,0.058823529411764705,0.0625,0.5,0.041666666666666664,0.09090909090909091,0.024390243902439025,0.03225806451612903,0.03225806451612903,0.038461538461538464,0.058823529411764705,0.043478260869565216
Vehicle_11,8820957,302,0.05263157894736842,0.07692307692307693,0.037037037037037035,0.05,0.5,0.1,0.06666666666666667,0.5,0.043478260869565216,0.09090909090909091,0.0625,0.09090909090909091,0.03333333333333333,0.25,0.038461538461538464,0.04
Vehicle_11,8820957,303,0.05263157894736842,0.07692307692307693,0.041666666666666664,0.05,0.5,0.05555555555555555,0.0625,0.5,0.043478260869565216,0.09090909090909091,0.043478260869565216,0.08333333333333333,0.05,0.125,0.043478260869565216,0.047619047619047616
Vehicle_11,8820957,304,0.058823529411764705,0.05555555555555555,0.037037037037037035,0.047619047619047616,0.5,0.05263157894736842,0.05,0.5,0.038461538461538464,0.09090909090909091,0.03333333333333333,0.038461538461538464,0.043478260869565216,0.037037037037037035,0.03333333333333333,0.047619047619047616
Vehicle_11,8820957,305,0.05263157894736842,0.0625,0.027777777777777776,0.034482758620689655,0.5,0.05555555555555555,0.05,0.5,0.034482758620689655,0.09090909090909091,0.022727272727272728,0.029411764705882353,0.045454545454545456,0.038461538461538464,0.037037037037037035,0.034482758620689655
Vehicle_11,8820957,306,0.05555555555555555,0.07142857142857142,0.02702702702702703,0.034482758620689655,0.5,0.045454545454545456,0.08333333333333333,0.5,0.04,0.09090909090909091,0.037037037037037035,0.05,0.041666666666666664,0.25,0.1111111111111111,0.058823529411764705
Vehicle_11,8820957,307,0.05555555555555555,0.25,0.037037037037037035,0.05263157894736842,0.5,0.06666666666666667,0.08333333333333333,0.5,0.08333333333333333,0.09090909090909091,0.09090909090909091,0.14285714285714285,0.02857142857142857,0.125,0.1,0.06666666666666667
Vehicle_11,8820957,308,0.06666666666666667,0.2,0.043478260869565216,0.05263157894736842,0.5,0.07142857142857142,0.08333333333333333,0.5,0.08333333333333333,0.09090909090909091,0.037037037037037035,0.045454545454545456,0.03571428571428571,0.047619047619047616,0.5,0.125
Vehicle_11,8820957,309,0.1,0.125,0.05263157894736842,0.047619047619047616,0.5,0.05,0.07692307692307693,0.5,0.06666666666666667,0.09090909090909091,0.05,0.03125,0.030303030303030304,0.034482758620689655,0.1,0.04
Vehicle_11,8820957,310,0.1111111111111111,0.3333333333333333,0.0625,0.06666666666666667,0.5,0.05263157894736842,0.08333333333333333,0.5,0.058823529411764705,0.09090909090909091,0.047619047619047616,0.045454545454545456,0.034482758620689655,0.038461538461538464,0.1,0.045454545454545456
Vehicle_11,8820957,311,0.1111111111111111,0.5,0.06666666666666667,0.07692307692307693,0.5,0.07142857142857142,0.07142857142857142,0.5,0.08333333333333333,0.09090909090909091,0.03225806451612903,0.05,0.043478260869565216,0.047619047619047616,0.05555555555555555,0.038461538461538464
Vehicle_11,8820957,312,0.14285714285714285,0.05555555555555555,0.0625,0.06666666666666667,0.5,0.07142857142857142,0.07142857142857142,0.5,0.07142857142857142,0.09090909090909091,0.03571428571428571,0.043478260869565216,0.041666666666666664,0.038461538461538464,0.07142857142857142,0.05263157894736842
Vehicle_11,8820957,313,0.09090909090909091,0.05555555555555555,0.047619047619047616,0.05,0.5,0.1,0.09090909090909091,0.5,0.08333333333333333,0.09090909090909091,0.03225806451612903,0.043478260869565216,0.058823529411764705,0.038461538461538464,0.5,0.5
Vehicle_11,8820957,314,0.14285714285714285,0.5,0.07142857142857142,0.06666666666666667,0.5,0.05,0.07142857142857142,0.5,0.08333333333333333,0.09090909090909091,0.03571428571428571,0.05263157894736842,0.047619047619047616,0.041666666666666664,0.045454545454545456,0.037037037037037035
Vehicle_11,8820957,315,0.09090909090909091,0.3333333333333333,0.058823529411764705,0.06666666666666667,0.5,0.07142857142857142,0.07692307692307693,0.5,0.09090909090909091,0.09090909090909091,0.043478260869565216,0.05,0.041666666666666664,0.047619047619047616,0.16666666666666666,0.05555555555555555
Vehicle_11,8820957,316,0.06666666666666667,0.09090909090909091,0.05263157894736842,0.047619047619047616,0.5,0.047619047619047616,0.08333333333333333,0.5,0.07142857142857142,0.09090909090909091,0.047619047619047616,0.05,0.038461538461538464,0.04,0.08333333333333333,0.02631578947368421
Vehicle_11,8820957,317,0.06666666666666667,0.125,0.05263157894736842,0.06666666666666667,0.5,0.058823529411764705,0.08333333333333333,0.5,0.08333333333333333,0.09090909090909091,0.0625,0.05,0.05263157894736842,0.047619047619047616,0.14285714285714285,0.05555555555555555
Vehicle_11,8820957,318,0.1111111111111111,0.25,0.07142857142857142,0.06666666666666667,0.5,0.043478260869565216,0.06666666666666667,0.5,0.0625,0.09090909090909091,0.03571428571428571,0.04,0.03571428571428571,0.037037037037037035,0.16666666666666666,0.14285714285714285
Vehicle_11,8820957,319,0.09090909090909091,0.07142857142857142,0.058823529411764705,0.06666666666666667,0.5,0.04,0.04,0.5,0.07142857142857142,0.09090909090909091,0.03225806451612903,0.043478260869565216,0.029411764705882353,0.047619047619047616,0.09090909090909091,0.07142857142857142
Vehicle_11,8820957,320,0.08333333333333333,0.2,0.06666666666666667,0.06666666666666667,0.5,0.045454545454545456,0.043478260869565216,0.5,0.06666666666666667,0.09090909090909091,0.05,0.041666666666666664,0.029411764705882353,0.047619047619047616,0.2,0.09090909090909091
Vehicle_11,8820957,321,0.06666666666666667,0.07142857142857142,0.07692307692307693,0.058823529411764705,0.5,0.03571428571428571,0.058823529411764705,0.5,0.058823529411764705,0.09090909090909091,0.0625,0.047619047619047616,0.045454545454545456,0.05,0.05263157894736842,0.05
Vehicle_11,8820957,322,0.1,0.07692307692307693,0.05263157894736842,0.06666666666666667,0.5,0.038461538461538464,0.047619047619047616,0.5,0.05263157894736842,0.09090909090909091,0.03571428571428571,0.03333333333333333,0.037037037037037035,0.034482758620689655,0.05555555555555555,0.043478260869565216
Vehicle_11,8820957,323,0.058823529411764705,0.07142857142857142,0.05555555555555555,0.045454545454545456,0.5,0.043478260869565216,0.08333333333333333,0.5,0.05263157894736842,0.09090909090909091,0.043478260869565216,0.03333333333333333,0.02564102564102564,0.03125,0.09090909090909091,0.041666666666666664
Vehicle_11,8820957,324,0.058823529411764705,0.0625,0.034482758620689655,0.02127659574468085,0.5,0.05263157894736842,0.0625,0.5,0.16666666666666666,0.09090909090909091,0.034482758620689655,0.058823529411764705,0.04,0.037037037037037035,0.012658227848101266,0.017543859649122806
Vehicle_11,8820957,325,0.25,0.07142857142857142,,,,,,,,,,,,,,
