vehicle,ride,pos,speed_probs_zero,direction_probs_zero,longitude_abs_probs_zero,longitude_probs_zero,longitude_dir_probs_zero,latitude_abs_probs_zero,latitude_probs_zero,latitude_dir_probs_zero,distance_probs_zero,speed_alternative_probs_zero,x_speed_alternative_probs_zero,x_speed_no_abs_alternative_probs_zero,y_speed_alternative_probs_zero,y_speed_no_abs_alternative_probs_zero,direction_alternative_probs_zero,direction_abs_alternative_probs_zero
Vehicle_17,9414909,0,0.04285807694435642,0.003631443674900286,0.03259386095233299,0.013728502001863369,0.46709641679047165,0.04502807644851812,0.02400221589907587,0.5074912497167174,0.011421952509253897,0.013864477626973536,0.01791352957469846,0.008546319844887065,0.03407952056001813,0.006431143454284491,0.007267141741998842,0.015581799410772292
Vehicle_17,9414909,1,0.5229034531360113,0.015235457063711912,0.03662494204914233,0.04330275229357798,0.9569029750013498,0.03741152679474216,0.035443037974683546,0.04631892697466468,0.014991181657848324,0.05818181818181818,0.05004217036828788,0.05011792452830189,0.03994060876020787,0.039968652037617555,0.044444444444444446,0.03788860103626943
Vehicle_17,9414909,2,0.1632973944294699,0.09090909090909091,0.008438818565400843,1e-20,0.9618592351505288,0.0364741641337386,0.01818181818181818,0.1792717086834734,1e-20,1e-20,0.011235955056179775,0.023529411764705882,0.03383458646616541,0.0196078431372549,1e-20,0.008620689655172414
Vehicle_17,9414909,3,0.006032171581769437,0.034482758620689655,0.03333333333333333,1e-20,0.9618592351505288,0.05217391304347826,0.06557377049180328,0.8008934269304403,0.5,1e-20,1e-20,1e-20,0.09782608695652174,1e-20,0.0625,0.043478260869565216
Vehicle_17,9414909,4,0.0975609756097561,1e-20,1e-20,1e-20,0.9618592351505288,0.3782312925170068,0.37585421412300685,0.9613603654339529,1e-20,1e-20,0.06666666666666667,1e-20,0.12423625254582485,1e-20,0.015151515151515152,0.025806451612903226
Vehicle_17,9414909,5,0.028277634961439587,0.06666666666666667,0.25,0.3,0.9618592351505288,0.35131744040150564,0.34801762114537443,0.9613603654339529,0.10679611650485436,1e-20,0.012048192771084338,1e-20,0.06560636182902585,0.03571428571428571,0.1375,0.1206896551724138
Vehicle_17,9414909,6,0.2620967741935484,0.19696969696969696,0.06497175141242938,0.0873015873015873,0.9618592351505288,0.23267326732673269,0.24324324324324326,0.9613603654339529,0.029017857142857144,1e-20,0.018518518518518517,0.05,0.1,0.047619047619047616,0.03067484662576687,0.044444444444444446
Vehicle_17,9414909,7,0.013593510195132646,0.16129032258064516,0.13448275862068965,0.10619469026548672,0.9618592351505288,0.2906688687035508,0.3094098883572568,0.9613603654339529,0.16666666666666666,1e-20,0.043478260869565216,0.046511627906976744,0.07901907356948229,0.04,0.09210526315789473,0.11377245508982035
Vehicle_17,9414909,8,0.09868421052631579,0.14782608695652175,0.018604651162790697,0.02926829268292683,0.9618592351505288,0.05008210180623974,0.05254901960784314,0.9613603654339529,0.002932551319648094,1e-20,0.017241379310344827,0.013333333333333334,0.06560636182902585,0.018867924528301886,0.01818181818181818,0.03663003663003663
Vehicle_17,9414909,9,0.08682634730538923,1e-20,0.0547945205479452,0.023809523809523808,0.9618592351505288,0.1731958762886598,0.16115702479338842,0.9613603654339529,0.07692307692307693,1e-20,0.041666666666666664,0.07142857142857142,0.08947368421052632,1e-20,0.04,0.058823529411764705
Vehicle_17,9414909,10,0.19865319865319866,1e-20,0.018691588785046728,0.03225806451612903,0.9618592351505288,0.0854788877445932,0.09854014598540146,0.9613603654339529,0.003076923076923077,1e-20,0.03225806451612903,0.022222222222222223,0.06613226452905811,1e-20,0.13924050632911392,0.09826589595375723
Vehicle_17,9414909,11,0.000948316737790422,0.08571428571428572,0.06944444444444445,0.0967741935483871,0.9618592351505288,0.18309859154929578,0.19327731092436976,0.9613603654339529,0.15,1e-20,1e-20,1e-20,0.18472906403940886,1e-20,1e-20,1e-20
Vehicle_17,9414909,12,0.22764227642276422,1e-20,0.05194805194805195,0.05,0.9618592351505288,0.2727272727272727,0.28149300155520995,0.9613603654339529,0.06923076923076923,1e-20,0.031746031746031744,0.023255813953488372,0.07654320987654321,0.02702702702702703,1e-20,1e-20
Vehicle_17,9414909,13,0.028720626631853787,1e-20,0.10843373493975904,0.08108108108108109,0.9618592351505288,0.2647058823529412,0.27056962025316456,0.9613603654339529,0.034782608695652174,1e-20,0.031446540880503145,1e-20,0.07901907356948229,1e-20,0.16666666666666666,0.07407407407407407
Vehicle_17,9414909,14,0.2155688622754491,1e-20,0.034482758620689655,0.0392156862745098,0.9618592351505288,0.0819081908190819,0.08242612752721618,0.9613603654339529,0.04819277108433735,1e-20,1e-20,1e-20,0.09836065573770492,0.03225806451612903,1e-20,1e-20
Vehicle_17,9414909,15,0.016663012497259374,1e-20,0.15789473684210525,0.1875,0.9618592351505288,0.10905349794238683,0.11068702290076336,0.9613603654339529,0.0392156862745098,1e-20,1e-20,1e-20,0.0525328330206379,1e-20,0.1111111111111111,0.12727272727272726
Vehicle_17,9414909,16,0.19865319865319866,1e-20,0.21551724137931033,0.25,0.9618592351505288,0.22415219189412738,0.21951219512195122,0.9613603654339529,0.11065573770491803,1e-20,0.04,0.14285714285714285,0.11217183770883055,0.08333333333333333,0.0625,0.028089887640449437
Vehicle_17,9414909,17,0.2029397818871503,0.11538461538461539,0.015748031496062992,1e-20,0.9618592351505288,0.2979591836734694,0.31437598736176936,0.9613603654339529,0.01652892561983471,1e-20,1e-20,1e-20,0.25748502994011974,1e-20,0.06349206349206349,0.04054054054054054
Vehicle_17,9414909,18,0.022637795275590553,0.24050632911392406,0.07407407407407407,0.06666666666666667,0.9618592351505288,0.026683087027914613,0.027450980392156862,0.9613603654339529,0.046511627906976744,1e-20,0.10526315789473684,0.2,0.05336426914153132,1e-20,0.018518518518518517,0.022304832713754646
Vehicle_17,9414909,19,0.05747126436781609,0.017857142857142856,0.09803921568627451,0.10526315789473684,0.9618592351505288,0.23529411764705882,0.2246376811594203,0.9613603654339529,0.06666666666666667,1e-20,1e-20,0.09523809523809523,0.08947368421052632,1e-20,0.08333333333333333,0.06172839506172839
Vehicle_17,9414909,20,0.22842639593908629,1e-20,0.19298245614035087,0.047619047619047616,0.9618592351505288,0.35161744022503516,0.37320574162679426,0.9613603654339529,0.18461538461538463,1e-20,0.022727272727272728,1e-20,0.06613226452905811,1e-20,0.19626168224299065,0.18007662835249041
Vehicle_17,9414909,21,0.155467720685112,0.14754098360655737,0.1005586592178771,0.16363636363636364,0.9618592351505288,0.22826086956521738,0.2033096926713948,0.9613603654339529,0.049773755656108594,1e-20,0.019230769230769232,0.09090909090909091,0.1330049261083744,1e-20,0.17791411042944785,0.17435897435897435
Vehicle_17,9414909,22,0.2223529411764706,0.24691358024691357,0.20238095238095238,0.18055555555555555,0.9618592351505288,0.13285272914521112,0.12773722627737227,0.9613603654339529,0.16393442622950818,1e-20,0.08,0.02631578947368421,0.11838006230529595,0.15384615384615385,0.061068702290076333,0.045454545454545456
Vehicle_17,9414909,23,0.1309987029831388,0.06818181818181818,0.12698412698412698,0.064,0.9618592351505288,0.2883435582822086,0.2826086956521739,0.9613603654339529,0.1791044776119403,1e-20,0.041666666666666664,1e-20,0.08571428571428572,1e-20,0.09210526315789473,0.11377245508982035
Vehicle_17,9414909,24,0.19165378670788252,1e-20,0.017167381974248927,0.015384615384615385,0.9618592351505288,0.24472573839662448,0.24641148325358853,0.9613603654339529,0.045454545454545456,1e-20,1e-20,1e-20,0.08181818181818182,1e-20,0.03636363636363636,0.03296703296703297
Vehicle_17,9414909,25,0.10116731517509728,1e-20,0.06666666666666667,1e-20,0.9618592351505288,0.13012477718360071,0.14082278481012658,0.9613603654339529,1e-20,1e-20,1e-20,0.1111111111111111,0.05517241379310345,1e-20,0.0963855421686747,0.10112359550561797
Vehicle_17,9414909,26,0.009569377990430622,0.2,0.09803921568627451,0.1111111111111111,0.9618592351505288,0.19727891156462585,0.20273348519362186,0.9613603654339529,0.07692307692307693,1e-20,0.07272727272727272,1e-20,0.1166077738515901,0.07142857142857142,0.12195121951219512,0.11824324324324324
Vehicle_17,9414909,27,0.16666666666666666,0.2,0.15151515151515152,0.125,0.9618592351505288,0.08538899430740038,0.08041958041958042,0.9613603654339529,0.07352941176470588,1e-20,0.0641025641025641,0.025,0.10139165009940358,0.1111111111111111,0.03636363636363636,0.03065134099616858
Vehicle_17,9414909,28,0.043478260869565216,0.038461538461538464,0.03048780487804878,0.02857142857142857,0.9618592351505288,0.019736842105263157,0.014760147601476014,0.9613603654339529,0.02631578947368421,1e-20,0.07894736842105263,0.07692307692307693,0.04790419161676647,1e-20,1e-20,0.011363636363636364
Vehicle_17,9414909,29,0.026239067055393587,1e-20,0.07042253521126761,0.030303030303030304,0.9618592351505288,0.06622516556291391,0.06666666666666667,0.9613603654339529,1e-20,1e-20,0.012048192771084338,0.027777777777777776,0.00684931506849315,1e-20,0.09090909090909091,0.06818181818181818
Vehicle_17,9414909,30,0.16666666666666666,1e-20,0.1417910447761194,0.13793103448275862,0.9618592351505288,0.11827956989247312,0.15384615384615385,0.9613603654339529,0.09803921568627451,1e-20,1e-20,0.09090909090909091,0.057803468208092484,1e-20,1e-20,0.017857142857142856
Vehicle_17,9414909,31,0.03588516746411483,1e-20,0.028089887640449437,0.04838709677419355,0.9618592351505288,0.1803921568627451,0.18491484184914841,0.9613603654339529,0.011494252873563218,1e-20,0.041666666666666664,1e-20,0.040123456790123455,1e-20,0.15384615384615385,0.1935483870967742
Vehicle_17,9414909,32,0.19808306709265175,0.22388059701492538,1e-20,1e-20,0.9618592351505288,0.27751196172248804,0.2890792291220557,0.9613603654339529,1e-20,1e-20,0.08108108108108109,1e-20,0.11522633744855967,0.058823529411764705,0.07751937984496124,0.0678391959798995
Vehicle_17,9414909,33,0.02936630602782071,0.014388489208633094,0.03333333333333333,0.06666666666666667,0.9618592351505288,0.02583837273227048,0.02827521206409048,0.9613603654339529,0.041666666666666664,1e-20,0.02127659574468085,1e-20,0.0036900369003690036,0.04,0.023809523809523808,0.0182648401826484
Vehicle_17,9414909,34,0.13736263736263737,0.0625,0.08823529411764706,0.10526315789473684,0.9618592351505288,0.16243654822335024,0.15841584158415842,0.9613603654339529,0.07692307692307693,1e-20,0.038461538461538464,1e-20,0.014705882352941176,1e-20,0.11764705882352941,0.14516129032258066
Vehicle_17,9414909,35,0.06358381502890173,1e-20,0.125,0.1590909090909091,0.9618592351505288,0.03225806451612903,0.02097902097902098,0.03863963456604718,0.08,1e-20,0.5,1.0,0.020833333333333332,1e-20,0.06451612903225806,0.05714285714285714
Vehicle_17,9414909,36,0.27176220806794055,1e-20,0.013157894736842105,0.025,0.9618592351505288,0.0729483282674772,0.024242424242424242,0.1792717086834734,0.014084507042253521,1e-20,0.1111111111111111,1e-20,0.06666666666666667,1e-20,0.01818181818181818,0.07738095238095238
Vehicle_17,9414909,37,0.013669821240799159,0.061855670103092786,0.047619047619047616,1e-20,0.9618592351505288,0.2467948717948718,0.20987654320987653,0.8008934269304403,1e-20,1e-20,0.07692307692307693,0.14285714285714285,0.18699186991869918,0.07142857142857142,0.004048582995951417,0.014644351464435146
Vehicle_17,9414909,38,0.13138686131386862,0.11666666666666667,0.09090909090909091,0.14285714285714285,0.9618592351505288,0.09984152139461172,0.00967741935483871,0.03863963456604718,1e-20,1e-20,1e-20,1e-20,0.042600896860986545,1e-20,0.015625,0.09316770186335403
Vehicle_17,9414909,39,0.16666666666666666,1e-20,0.05263157894736842,0.1111111111111111,0.9618592351505288,0.02735562310030395,0.12,0.8207282913165266,0.030303030303030304,1e-20,1e-20,1e-20,0.08904109589041095,1e-20,1e-20,0.11818181818181818
Vehicle_17,9414909,40,0.0726643598615917,1e-20,1e-20,1e-20,0.9618592351505288,0.12577319587628866,0.1415525114155251,0.9585474366846567,1e-20,1e-20,1e-20,1e-20,0.11052631578947368,1e-20,0.09782608695652174,0.06944444444444445
Vehicle_17,9414909,41,0.10344827586206896,0.2875,0.038461538461538464,0.041666666666666664,0.9618592351505288,0.22826086956521738,0.2727272727272727,0.9585474366846567,1e-20,1e-20,1e-20,1e-20,0.03558718861209965,0.001344647848311636,0.14285714285714285,0.14035087719298245
Vehicle_17,9414909,42,0.025069637883008356,0.05,0.07692307692307693,1e-20,0.9618592351505288,0.14933058702368693,0.16908212560386474,0.9585474366846567,0.043478260869565216,1e-20,1e-20,1e-20,0.07608695652173914,1e-20,0.1111111111111111,0.10153846153846154
Vehicle_17,9414909,43,0.0859375,0.08,0.07692307692307693,0.16666666666666666,0.9618592351505288,0.16780045351473924,0.18872549019607843,0.9585474366846567,1e-20,1e-20,1e-20,1e-20,0.13127413127413126,0.3333333333333333,0.1391304347826087,0.13358778625954199
Vehicle_17,9414909,44,0.02074688796680498,0.05263157894736842,0.07142857142857142,1e-20,0.9618592351505288,0.04713804713804714,0.053763440860215055,0.9585474366846567,1e-20,1e-20,1e-20,1e-20,0.01953125,1e-20,0.14814814814814814,0.155893536121673
Vehicle_17,9414909,45,0.039473684210526314,0.1111111111111111,0.05555555555555555,1e-20,0.9618592351505288,0.0060790273556231,1e-20,0.9585474366846567,0.05714285714285714,1e-20,0.09090909090909091,1e-20,1e-20,1e-20,0.012658227848101266,0.033783783783783786
Vehicle_17,9414909,46,0.12578616352201258,0.02631578947368421,0.045454545454545456,0.0625,0.9618592351505288,0.0970873786407767,0.041666666666666664,0.9585474366846567,0.037037037037037035,1e-20,1e-20,1e-20,0.18181818181818182,1e-20,0.021505376344086023,0.016853932584269662
Vehicle_17,9414909,47,0.003134796238244514,1e-20,0.07142857142857142,1e-20,0.9618592351505288,0.1592920353982301,0.18421052631578946,0.9585474366846567,1e-20,1e-20,0.004376400674841991,0.0023669831037695464,0.1803921568627451,1e-20,0.2631578947368421,0.0967741935483871
Vehicle_17,9414909,48,0.009523809523809525,0.15384615384615385,0.045454545454545456,0.09302325581395349,0.9618592351505288,0.015862944162436547,0.011042944785276074,0.04145256331534326,0.10638297872340426,1e-20,1e-20,1e-20,0.010399562123700055,1e-20,0.011235955056179775,0.06547619047619048
Vehicle_17,9414909,49,0.18027210884353742,0.02127659574468085,0.047619047619047616,0.09090909090909091,0.9618592351505288,0.1391304347826087,0.11475409836065574,0.8008934269304403,0.06521739130434782,1e-20,1e-20,1e-20,0.09782608695652174,1e-20,0.040229885057471264,0.05142857142857143
Vehicle_17,9414909,50,0.15945945945945947,0.10344827586206896,0.045454545454545456,0.09090909090909091,0.9618592351505288,0.07101568951279934,0.0733652312599681,0.9613603654339529,0.02564102564102564,1e-20,1e-20,1e-20,0.08092485549132948,1e-20,0.09821428571428571,0.07003891050583658
Vehicle_17,9414909,51,0.033426183844011144,0.07,0.07142857142857142,1e-20,0.9618592351505288,0.09072164948453608,0.08677685950413223,0.9613603654339529,0.15151515151515152,1e-20,1e-20,1e-20,0.010638297872340425,1e-20,0.056,0.06296296296296296
Vehicle_17,9414909,52,0.12578616352201258,0.208955223880597,0.125,0.2,0.9618592351505288,1e-20,1e-20,0.9613603654339529,0.05263157894736842,1e-20,1e-20,0.0016014906957419485,0.006535947712418301,0.0015460932188452144,1e-20,0.004291845493562232
Vehicle_17,9414909,53,0.2006269592476489,0.01639344262295082,0.1,0.07142857142857142,0.9618592351505288,0.02631578947368421,1e-20,0.9613603654339529,0.0967741935483871,1e-20,1e-20,0.001475587339158462,0.05263157894736842,1e-20,0.09090909090909091,0.10810810810810811
Vehicle_17,9414909,54,0.215625,1e-20,1e-20,1e-20,0.9618592351505288,0.13398464759246337,0.13362701908957417,0.9613603654339529,0.019230769230769232,1e-20,1e-20,1e-20,0.09483368719037509,1e-20,0.23809523809523808,0.20454545454545456
Vehicle_17,9414909,55,0.027777777777777776,0.1276595744680851,1e-20,1e-20,0.9618592351505288,0.03303964757709251,0.03803131991051454,0.03863963456604718,0.05263157894736842,1e-20,1e-20,1e-20,0.07581227436823104,1e-20,0.007874015748031496,0.05819295558958652
Vehicle_17,9414909,56,0.07627118644067797,0.041237113402061855,1e-20,1e-20,0.9618592351505288,0.19166666666666668,0.17142857142857143,0.8207282913165266,0.125,1e-20,1e-20,1e-20,0.3446327683615819,1e-20,0.1724137931034483,0.3284313725490196
Vehicle_17,9414909,57,0.13253012048192772,0.11363636363636363,1e-20,1e-20,0.9618592351505288,0.37524950099800397,0.34104046242774566,0.9585474366846567,0.07142857142857142,1e-20,1e-20,0.000634552917180772,0.24528301886792453,1e-20,0.3157894736842105,0.328125
Vehicle_17,9414909,58,0.075,0.16853932584269662,1e-20,1e-20,0.9618592351505288,0.1282051282051282,0.08737864077669903,0.04145256331534326,1e-20,1e-20,1e-20,1e-20,0.31099430573806397,1e-20,0.07017543859649122,0.328125
Vehicle_17,9414909,59,0.20161290322580644,0.14285714285714285,1e-20,1e-20,0.9618592351505288,0.1282051282051282,0.09333333333333334,0.19910657306955967,0.11764705882352941,1e-20,0.0010525520610379473,0.0005237579633873039,0.31099430573806397,0.0003223125928537255,0.06521739130434782,0.328125
Vehicle_17,9414909,60,0.24087591240875914,0.06976744186046512,1e-20,1e-20,0.9618592351505288,0.1282051282051282,0.0931899641577061,0.1792717086834734,1e-20,1e-20,1e-20,0.000513685694860625,0.31099430573806397,0.0003474932641704228,0.03278688524590164,0.328125
Vehicle_17,9414909,61,1e-20,0.0847457627118644,1e-20,1e-20,0.9618592351505288,0.01217948717948718,0.02,0.8008934269304403,1e-20,1e-20,1e-20,0.0006849142598141666,0.017520805957074025,0.0005539747689673407,0.17391304347826086,0.165625
Vehicle_17,9414909,62,0.14705882352941177,0.08333333333333333,1e-20,1e-20,0.9618592351505288,0.019867549668874173,1e-20,0.9613603654339529,1e-20,1e-20,1e-20,1e-20,0.015228426395939087,1e-20,1e-20,0.0189873417721519
Vehicle_17,9414909,63,0.05555555555555555,0.029411764705882353,1e-20,1e-20,0.9618592351505288,0.09090909090909091,0.1,0.9613603654339529,1e-20,1e-20,0.004890086369702617,1e-20,0.006024096385542169,0.0026389343539898772,0.09090909090909091,0.09090909090909091
Vehicle_17,9414909,64,0.19607843137254902,1e-20,1e-20,1e-20,0.9618592351505288,1e-20,1e-20,0.9613603654339529,1e-20,1e-20,1e-20,1e-20,0.05394190871369295,1e-20,1e-20,1e-20
Vehicle_17,9414909,65,0.058823529411764705,1e-20,0.017241379310344827,1e-20,0.9618592351505288,1e-20,1e-20,0.9613603654339529,1e-20,1e-20,1e-20,1e-20,0.01092896174863388,1e-20,0.047619047619047616,0.03278688524590164
Vehicle_17,9414909,66,0.023004059539918808,1e-20,1e-20,1e-20,0.9618592351505288,0.09090909090909091,0.2222222222222222,0.03863963456604718,1e-20,1e-20,1e-20,1e-20,0.06666666666666667,1e-20,0.1111111111111111,0.08333333333333333
Vehicle_17,9414909,67,0.07317073170731707,1e-20,0.10526315789473684,0.08333333333333333,0.9618592351505288,0.30341113105924594,0.1916376306620209,0.1792717086834734,1e-20,1e-20,1e-20,1e-20,0.32452830188679244,1e-20,0.026200873362445413,0.07207207207207207
Vehicle_17,9414909,68,0.2854122621564482,0.18867924528301888,0.06060606060606061,0.125,0.9618592351505288,0.27410832232496696,0.2645861601085482,0.19910657306955967,0.03333333333333333,1e-20,1e-20,1e-20,0.27483443708609273,1e-20,0.1917808219178082,0.1875
Vehicle_17,9414909,69,0.17547568710359407,0.043478260869565216,1e-20,1e-20,0.9618592351505288,0.31091370558375636,0.1800262812089356,0.8207282913165266,0.021739130434782608,1e-20,0.3333333333333333,0.5,0.3355227148330597,0.0010777327323546447,0.21518987341772153,0.35714285714285715
Vehicle_17,9414909,70,0.02972972972972973,1e-20,1e-20,1e-20,0.9618592351505288,0.003963011889035667,0.003861003861003861,0.9585474366846567,1e-20,1e-20,1e-20,1e-20,0.004415011037527594,1e-20,0.034482758620689655,0.03125
Vehicle_17,9414909,71,0.012345679012345678,1e-20,1e-20,0.0006647697227608088,0.9618592351505288,0.041666666666666664,0.038461538461538464,0.9585474366846567,1e-20,1e-20,1e-20,1e-20,0.05970149253731343,1e-20,0.041666666666666664,0.04477611940298507
Vehicle_17,9414909,72,0.2222222222222222,0.2840909090909091,1e-20,1e-20,0.9618592351505288,0.00909090909090909,0.014634146341463415,0.9585474366846567,1e-20,1e-20,1e-20,1e-20,0.03214285714285714,0.0001410117593735049,0.09166666666666666,0.13186813186813187
Vehicle_17,9414909,73,0.06896551724137931,0.17045454545454544,1e-20,1e-20,0.9618592351505288,0.08333333333333333,0.08888888888888889,0.9585474366846567,1e-20,1e-20,1e-20,0.0007503840052375797,0.06086956521739131,0.0007302394681842218,0.18181818181818182,0.18888888888888888
Vehicle_17,9414909,74,0.006622516556291391,0.14864864864864866,1e-20,1e-20,0.9618592351505288,0.06076388888888889,0.06493506493506493,0.9585474366846567,1e-20,1e-20,0.0013748646538916727,1e-20,0.07739938080495357,0.0004985772920706066,0.2673611111111111,0.2930513595166163
Vehicle_17,9414909,75,0.09090909090909091,0.14285714285714285,1e-20,1e-20,0.9618592351505288,0.2073170731707317,0.2125,0.9585474366846567,1e-20,1e-20,1e-20,0.0006748419912874878,0.11522633744855967,1e-20,0.09375,0.09365558912386707
Vehicle_17,9414909,76,0.021739130434782608,0.2037037037037037,1e-20,1e-20,0.9618592351505288,0.06816932380428807,0.064,0.9585474366846567,1e-20,1e-20,1e-20,1e-20,0.11439114391143912,1e-20,0.25735294117647056,0.21587301587301588
Vehicle_17,9414909,77,0.05,0.19480519480519481,1e-20,1e-20,0.9618592351505288,0.032679738562091505,0.024630541871921183,0.9585474366846567,0.5,1e-20,0.000569083171757359,1e-20,0.09429280397022333,0.00012086722232014704,0.0636042402826855,0.07395498392282958
Vehicle_17,9414909,78,1e-20,0.19047619047619047,1e-20,1e-20,0.9618592351505288,0.03896103896103896,1e-20,0.9585474366846567,1e-20,1e-20,1e-20,1e-20,0.009771986970684038,0.0007453478709742401,0.1414141414141414,0.14814814814814814
Vehicle_17,9414909,79,0.06976744186046512,0.0392156862745098,1e-20,1e-20,0.9618592351505288,0.14285714285714285,0.07317073170731707,0.9585474366846567,1e-20,1e-20,0.00195905622843905,0.0012489612973081861,0.10666666666666667,0.0010122629869312315,0.3395348837209302,0.3130630630630631
Vehicle_17,9414909,80,0.25,0.08823529411764706,1e-20,1e-20,0.9618592351505288,0.010546500479386385,0.0052732502396931925,0.04145256331534326,1e-20,1e-20,1e-20,1e-20,0.006708193579300431,1e-20,0.018477043673012318,0.03807390817469205
Vehicle_17,9414909,81,0.19607843137254902,1e-20,1e-20,1e-20,0.9618592351505288,0.02608695652173913,0.03278688524590164,0.8008934269304403,0.14285714285714285,1e-20,1e-20,1e-20,0.11956521739130435,1e-20,0.019736842105263157,0.01597444089456869
Vehicle_17,9414909,82,0.14705882352941177,1e-20,1e-20,1e-20,0.9618592351505288,0.09090909090909091,0.1,0.9613603654339529,1e-20,1e-20,1e-20,1e-20,1e-20,1e-20,1e-20,1e-20
Vehicle_17,9414909,83,0.12643678160919541,1e-20,1e-20,1e-20,0.9618592351505288,0.047619047619047616,1e-20,0.9613603654339529,1e-20,1e-20,0.022222222222222223,1e-20,1e-20,1e-20,1e-20,1e-20
Vehicle_17,9414909,84,0.10810810810810811,1e-20,1e-20,1e-20,0.9618592351505288,0.0196078431372549,0.013888888888888888,0.9613603654339529,0.2727272727272727,1e-20,1e-20,0.07692307692307693,1e-20,1e-20,1e-20,1e-20
Vehicle_17,9414909,85,0.21604938271604937,1e-20,0.03220035778175313,0.038869257950530034,0.9618592351505288,0.02702702702702703,0.07692307692307693,0.9613603654339529,0.017241379310344827,1e-20,0.06635071090047394,1e-20,1e-20,1e-20,0.125,0.1
Vehicle_17,9414909,86,0.01639344262295082,1e-20,0.01098901098901099,0.018518518518518517,0.9618592351505288,0.01282051282051282,1e-20,0.9613603654339529,1e-20,1e-20,1e-20,1e-20,1e-20,1e-20,0.07142857142857142,0.11428571428571428
Vehicle_17,9414909,87,0.01639344262295082,1e-20,1e-20,1e-20,0.9618592351505288,0.08333333333333333,1e-20,0.9613603654339529,1e-20,1e-20,1e-20,1e-20,1e-20,0.2,1e-20,1e-20
Vehicle_17,9414909,88,0.08695652173913043,0.16666666666666666,1e-20,1e-20,0.9618592351505288,0.06164383561643835,0.06944444444444445,0.9613603654339529,1e-20,1e-20,1e-20,1e-20,0.04,1e-20,0.023255813953488372,0.02531645569620253
Vehicle_17,9414909,89,0.014388489208633094,1e-20,1e-20,1e-20,0.9618592351505288,0.14925373134328357,0.11475409836065574,0.9613603654339529,0.047619047619047616,1e-20,0.0967741935483871,1e-20,0.06451612903225806,1e-20,1e-20,1e-20
Vehicle_17,9414909,90,0.10869565217391304,0.05263157894736842,1e-20,1e-20,0.9618592351505288,0.058333333333333334,0.05172413793103448,0.9613603654339529,1e-20,1e-20,0.05555555555555555,1e-20,1e-20,1e-20,1e-20,1e-20
Vehicle_17,9414909,91,1e-20,1e-20,0.020833333333333332,1e-20,0.9618592351505288,1e-20,1e-20,0.9613603654339529,1e-20,1e-20,0.027777777777777776,1e-20,1e-20,1e-20,0.5,0.2222222222222222
Vehicle_17,9414909,92,0.017341040462427744,1e-20,0.021739130434782608,1e-20,0.9618592351505288,1e-20,1e-20,0.9613603654339529,1e-20,1e-20,1e-20,1e-20,1e-20,1e-20,1e-20,0.03125
Vehicle_17,9414909,93,0.2631578947368421,0.02857142857142857,1e-20,1e-20,0.9618592351505288,1e-20,1e-20,0.9613603654339529,1e-20,1e-20,1e-20,1e-20,1e-20,1e-20,1e-20,1e-20
Vehicle_17,9414909,94,1e-20,1e-20,0.03333333333333333,1e-20,0.9618592351505288,1e-20,1e-20,0.9613603654339529,1e-20,1e-20,1e-20,1e-20,1e-20,1e-20,1e-20,0.05555555555555555
Vehicle_17,9414909,95,0.11764705882352941,1e-20,0.02030456852791878,0.019230769230769232,0.9618592351505288,0.043478260869565216,0.07692307692307693,0.9613603654339529,1e-20,1e-20,1e-20,1e-20,0.125,1e-20,1e-20,1e-20
Vehicle_17,9414909,96,0.041379310344827586,0.045454545454545456,1e-20,1e-20,0.9618592351505288,1e-20,1e-20,0.9613603654339529,1e-20,1e-20,1e-20,1e-20,0.05263157894736842,1e-20,1e-20,1e-20
Vehicle_17,9414909,97,0.02054794520547945,1e-20,0.16666666666666666,0.25,0.9618592351505288,0.1,0.14285714285714285,0.9613603654339529,1e-20,1e-20,1e-20,1e-20,1e-20,1e-20,0.023809523809523808,0.02702702702702703
Vehicle_17,9414909,98,0.056338028169014086,0.2857142857142857,1e-20,1e-20,0.9618592351505288,1e-20,1e-20,0.9613603654339529,1e-20,1e-20,1e-20,1e-20,1e-20,1e-20,0.136986301369863,0.1440677966101695
Vehicle_17,9414909,99,0.016129032258064516,0.11904761904761904,0.08333333333333333,1e-20,0.9618592351505288,1e-20,1e-20,0.9613603654339529,1e-20,1e-20,0.2,1e-20,1e-20,1.0,0.1095890410958904,0.0847457627118644
Vehicle_17,9414909,100,0.08571428571428572,0.19444444444444445,1e-20,1e-20,0.9618592351505288,0.043478260869565216,0.07692307692307693,0.9613603654339529,0.09523809523809523,1e-20,0.038461538461538464,1e-20,1e-20,1e-20,0.06060606060606061,0.03333333333333333
Vehicle_17,9414909,101,0.01953125,0.0136986301369863,0.07692307692307693,1e-20,0.9618592351505288,0.041666666666666664,1e-20,0.9613603654339529,0.06666666666666667,1e-20,0.06666666666666667,0.002044670510915821,1e-20,1e-20,1e-20,0.031578947368421054
Vehicle_17,9414909,102,0.1511627906976744,0.16666666666666666,1e-20,1e-20,0.9618592351505288,0.1111111111111111,1e-20,0.9613603654339529,1e-20,1e-20,0.027777777777777776,1e-20,1e-20,1e-20,1e-20,0.02631578947368421
Vehicle_17,9414909,103,0.07865168539325842,0.02857142857142857,0.020155038759689922,0.02926829268292683,0.9618592351505288,1e-20,1e-20,0.9613603654339529,1e-20,1e-20,0.04838709677419355,0.2,1e-20,1e-20,1e-20,0.037037037037037035
Vehicle_17,9414909,104,0.18181818181818182,0.18181818181818182,1e-20,1e-20,0.9618592351505288,0.07142857142857142,0.06666666666666667,0.9613603654339529,0.012903225806451613,1e-20,1e-20,1e-20,1e-20,1e-20,1e-20,1e-20
Vehicle_17,9414909,105,0.07243650047036689,1e-20,0.07142857142857142,1e-20,0.9618592351505288,0.10810810810810811,0.10810810810810811,0.9613603654339529,1e-20,1e-20,1e-20,1e-20,0.06153846153846154,1e-20,1e-20,1e-20
Vehicle_17,9414909,106,0.028645833333333332,1e-20,0.125,1e-20,0.9618592351505288,0.20359281437125748,0.19148936170212766,0.9613603654339529,1e-20,1e-20,1e-20,1e-20,0.08108108108108109,1e-20,0.16666666666666666,0.047619047619047616
Vehicle_17,9414909,107,0.0989010989010989,1e-20,1e-20,1e-20,0.9618592351505288,0.001838235294117647,1e-20,0.9613603654339529,1e-20,1e-20,1e-20,1e-20,0.0427807486631016,1e-20,0.03571428571428571,0.02040816326530612
Vehicle_17,9414909,108,0.006920415224913495,1e-20,1e-20,1e-20,0.9618592351505288,0.02857142857142857,1e-20,0.03863963456604718,1e-20,1e-20,1e-20,1e-20,0.011111111111111112,1e-20,0.18181818181818182,0.058823529411764705
Vehicle_17,9414909,109,1e-20,1e-20,0.125,1e-20,0.9618592351505288,1e-20,1e-20,0.8207282913165266,0.047619047619047616,1e-20,1e-20,1e-20,0.2,0.0015460932188452144,1e-20,0.0070921985815602835
Vehicle_17,9414909,110,0.21014492753623187,0.08333333333333333,1e-20,1e-20,0.9618592351505288,0.004571428571428572,0.0066815144766146995,0.9585474366846567,1e-20,1e-20,1e-20,0.0007856369450809558,0.004415011037527594,1e-20,0.034482758620689655,0.1
Vehicle_17,9414909,111,0.01837270341207349,0.01098901098901099,1e-20,1e-20,0.9618592351505288,1e-20,1e-20,0.9585474366846567,1e-20,1e-20,0.002009417571072445,0.0009870823156145343,0.04477611940298507,0.0008057814821343137,0.1,0.10909090909090909
Vehicle_17,9414909,112,0.02040816326530612,1e-20,1e-20,0.0004633243522272304,0.9618592351505288,0.04,1e-20,0.9585474366846567,1e-20,1e-20,1e-20,1e-20,0.06790123456790123,1e-20,0.04285714285714286,0.053691275167785234
Vehicle_17,9414909,113,0.015151515151515152,1e-20,1e-20,1e-20,0.9618592351505288,0.012121212121212121,1e-20,0.9585474366846567,1e-20,1e-20,0.3333333333333333,0.0011230579407246997,0.0045045045045045045,1e-20,0.08035714285714286,0.05416666666666667
Vehicle_17,9414909,114,1e-20,0.06896551724137931,1e-20,0.001802936066275527,0.9618592351505288,0.038461538461538464,1e-20,0.9585474366846567,0.1,1e-20,1e-20,1e-20,0.02857142857142857,0.001475587339158462,0.10526315789473684,0.10945273631840796
Vehicle_17,9414909,115,0.08108108108108109,0.15384615384615385,1e-20,1e-20,0.9618592351505288,0.21505376344086022,0.20964749536178107,0.9585474366846567,1e-20,1e-20,1e-20,1e-20,0.13126491646778043,1e-20,0.15384615384615385,0.18118466898954705
Vehicle_17,9414909,116,1e-20,0.13580246913580246,1e-20,1e-20,0.9618592351505288,0.014450867052023121,0.007886435331230283,0.9585474366846567,0.043478260869565216,1e-20,1e-20,1e-20,0.042600896860986545,0.25,0.014285714285714285,0.05392156862745098
Vehicle_17,9414909,117,0.0945945945945946,0.14705882352941177,1e-20,1e-20,0.9618592351505288,0.19626168224299065,0.17857142857142858,0.9585474366846567,1e-20,1e-20,1e-20,1e-20,0.08904109589041095,1e-20,0.041666666666666664,0.07462686567164178
Vehicle_17,9414909,118,0.002403846153846154,0.18181818181818182,1e-20,1e-20,0.9618592351505288,0.06900878293601004,0.0641399416909621,0.9585474366846567,0.2,1e-20,1e-20,1e-20,0.06578947368421052,1e-20,0.1323529411764706,0.12380952380952381
Vehicle_17,9414909,119,0.16981132075471697,0.14864864864864866,0.14285714285714285,0.5,0.9618592351505288,0.051685393258426963,0.04568527918781726,0.9585474366846567,1e-20,1e-20,1e-20,0.000579155440284038,0.010273972602739725,1e-20,0.10457516339869281,0.11501597444089456
Vehicle_17,9414909,120,0.05102040816326531,0.10714285714285714,0.08333333333333333,1e-20,0.9618592351505288,0.07851239669421488,0.06666666666666667,0.9585474366846567,1e-20,1e-20,1e-20,1e-20,0.12,0.0003474932641704228,0.1504424778761062,0.1759656652360515
Vehicle_17,9414909,121,0.055248618784530384,0.22857142857142856,0.05555555555555555,0.125,0.9618592351505288,0.04504504504504504,0.06711409395973154,0.9585474366846567,1e-20,1e-20,1e-20,0.0003424571299070833,0.014598540145985401,1e-20,0.07441860465116279,0.07021791767554479
Vehicle_17,9414909,122,0.06451612903225806,0.1746031746031746,1e-20,1e-20,0.9618592351505288,0.17647058823529413,0.22448979591836735,0.9585474366846567,1e-20,1e-20,0.0010424797925112684,1e-20,1e-20,0.0001410117593735049,0.1134020618556701,0.11616161616161616
Vehicle_17,9414909,123,0.044444444444444446,0.14925373134328357,0.25,1e-20,0.9618592351505288,0.24257425742574257,0.17204301075268819,0.9585474366846567,1e-20,1e-20,1e-20,1e-20,0.011111111111111112,0.0010726965980913052,0.19424460431654678,0.19157088122605365
Vehicle_17,9414909,124,0.10344827586206896,0.15789473684210525,0.09090909090909091,0.2,0.9618592351505288,0.029831387808041506,0.021798365122615803,0.9585474366846567,1e-20,1e-20,1e-20,1e-20,1e-20,1e-20,0.1552511415525114,0.15121951219512195
Vehicle_17,9414909,125,0.03125,0.13636363636363635,1e-20,1e-20,0.9618592351505288,0.038461538461538464,0.038461538461538464,0.9585474366846567,1e-20,1e-20,0.00233173016392617,0.001913731020068995,0.016594062397703523,0.0015612016216352328,0.08227848101265822,0.08445945945945946
Vehicle_17,9414909,126,1e-20,0.1044776119402985,1e-20,1e-20,0.9618592351505288,0.0196078431372549,0.045454545454545456,0.9585474366846567,1e-20,1e-20,0.003681414146501146,0.0012388890287815073,0.016301966610429833,0.001344647848311636,1e-20,0.005405405405405406
Vehicle_17,9414909,127,0.06,1e-20,0.25,1e-20,0.9618592351505288,0.037037037037037035,0.09090909090909091,0.9585474366846567,1e-20,1e-20,1e-20,1e-20,1e-20,1e-20,1e-20,0.018867924528301886
Vehicle_17,9414909,128,0.08661417322834646,1e-20,1e-20,1e-20,0.9618592351505288,0.125,0.5,0.9585474366846567,1e-20,1e-20,1e-20,0.0023015133583461334,1e-20,0.0023115856268728125,1e-20,0.038461538461538464
Vehicle_17,9414909,129,0.031609195402298854,1e-20,1e-20,1e-20,0.9618592351505288,1e-20,1e-20,0.9585474366846567,0.07142857142857142,1e-20,1e-20,0.0025633923400397857,1e-20,1e-20,1e-20,1e-20
Vehicle_17,9414909,130,1e-20,0.4,0.03571428571428571,0.058823529411764705,0.9618592351505288,1e-20,1e-20,0.9585474366846567,1e-20,1e-20,1e-20,1e-20,1e-20,1e-20,1e-20,1e-20
Vehicle_17,9414909,131,0.1724137931034483,1e-20,0.017543859649122806,0.03571428571428571,0.9618592351505288,1e-20,1e-20,0.9585474366846567,1e-20,1e-20,1e-20,1e-20,1e-20,1e-20,1e-20,0.09090909090909091
Vehicle_17,9414909,132,0.07042253521126761,1e-20,0.047619047619047616,1e-20,0.9618592351505288,1e-20,1e-20,0.9585474366846567,1e-20,1e-20,1e-20,0.0006546974542341299,0.0016065268300052879,1e-20,1e-20,0.02586206896551724
Vehicle_17,9414909,133,0.16666666666666666,0.13793103448275862,1e-20,1e-20,0.9618592351505288,1e-20,1e-20,0.9585474366846567,1e-20,1e-20,1e-20,1e-20,1e-20,0.0002417344446402941,0.1,0.06756756756756757
Vehicle_17,9414909,134,0.04838709677419355,0.03125,1e-20,1e-20,0.9618592351505288,1e-20,1e-20,0.9585474366846567,1e-20,1e-20,1e-20,1e-20,1e-20,1e-20,1e-20,0.041666666666666664
Vehicle_17,9414909,135,0.09375,1e-20,1e-20,1e-20,0.9618592351505288,0.07142857142857142,0.5,0.9585474366846567,1e-20,1e-20,1e-20,0.0002165537733235968,1e-20,1e-20,1e-20,0.02564102564102564
Vehicle_17,9414909,136,0.10365853658536585,0.125,0.07692307692307693,1e-20,0.9618592351505288,1e-20,1e-20,0.9585474366846567,1e-20,1e-20,0.00233173016392617,1e-20,1e-20,0.0011532747463047365,1e-20,0.13636363636363635
Vehicle_17,9414909,137,0.05319148936170213,0.08333333333333333,1e-20,1e-20,0.9618592351505288,1e-20,1e-20,0.9585474366846567,1e-20,1e-20,1e-20,0.0006043361116007353,1e-20,0.00022662604185027572,1e-20,0.023255813953488372
Vehicle_17,9414909,138,0.037037037037037035,1e-20,1e-20,1e-20,0.9618592351505288,1e-20,0.0017022133810087377,0.9585474366846567,0.0036562334751844483,1e-20,0.0009669377785611764,1e-20,1e-20,1e-20,0.05263157894736842,0.078125
Vehicle_17,9414909,139,1e-20,1e-20,1e-20,1e-20,0.9618592351505288,1e-20,1e-20,0.9585474366846567,0.2,1e-20,0.003102258706217108,0.0012993226399415807,1e-20,0.001148238612041397,1e-20,0.047058823529411764
Vehicle_17,9414909,140,0.08,0.08333333333333333,1e-20,1e-20,0.9618592351505288,1e-20,1e-20,0.04145256331534326,1e-20,1e-20,0.00448215949437212,0.002407272177876262,0.0435323445723063,0.002306549492609473,1e-20,0.027777777777777776
Vehicle_17,9414909,141,0.10869565217391304,1e-20,1e-20,1e-20,0.9618592351505288,1e-20,1e-20,0.8008934269304403,1e-20,1e-20,1e-20,1e-20,1e-20,1e-20,1e-20,0.1
Vehicle_17,9414909,142,0.2,0.002982612325783753,1e-20,1e-20,0.9618592351505288,1e-20,1e-20,0.9613603654339529,1e-20,1e-20,1e-20,0.1111111111111111,1e-20,1e-20,1e-20,0.14285714285714285
Vehicle_17,9414909,143,0.06140350877192982,1e-20,1e-20,1e-20,0.03814076484947111,1e-20,1e-20,0.9613603654339529,0.04,1e-20,1e-20,1e-20,0.2413793103448276,1e-20,0.004406617480422028,1e-20
Vehicle_17,9414909,144,0.011385199240986717,0.002776394610173072,1e-20,1e-20,0.8374371859296482,0.2,0.11538461538461539,0.9613603654339529,1e-20,1e-20,1e-20,1e-20,1e-20,1e-20,0.005373555258983204,1e-20
Vehicle_17,9414909,145,0.03260869565217391,0.0027059788048425957,1e-20,1e-20,0.9674124800755652,1e-20,1e-20,0.9613603654339529,1e-20,1e-20,0.06666666666666667,0.034482758620689655,1e-20,1e-20,1e-20,1e-20
Vehicle_17,9414909,146,0.003367003367003367,1e-20,0.05405405405405406,1e-20,0.9674124800755652,1e-20,1e-20,0.9613603654339529,1e-20,1e-20,1e-20,1e-20,1e-20,1e-20,0.06666666666666667,0.04
Vehicle_17,9414909,147,1e-20,1e-20,1e-20,1e-20,0.9674124800755652,1e-20,1e-20,0.9613603654339529,1e-20,1e-20,1e-20,0.0012993226399415807,1e-20,1e-20,1e-20,1e-20
Vehicle_17,9414909,148,0.03225806451612903,1e-20,1e-20,1e-20,0.9674124800755652,1e-20,1e-20,0.9613603654339529,1e-20,1e-20,1e-20,1e-20,1e-20,1e-20,1e-20,1e-20
Vehicle_17,9414909,149,0.03260869565217391,1e-20,0.07142857142857142,0.1,0.9674124800755652,1e-20,1e-20,0.9613603654339529,0.125,1e-20,1e-20,1e-20,1e-20,1e-20,0.1,0.05
Vehicle_17,9414909,150,0.021739130434782608,1e-20,0.09836065573770492,0.09090909090909091,0.9674124800755652,1e-20,1e-20,0.9613603654339529,0.021739130434782608,1e-20,1e-20,0.0013194671769949386,1e-20,1e-20,1e-20,1e-20
Vehicle_17,9414909,151,0.005917159763313609,1e-20,1e-20,1e-20,0.9674124800755652,1e-20,1e-20,0.9613603654339529,1e-20,1e-20,1e-20,1e-20,1e-20,1e-20,0.3333333333333333,0.2
Vehicle_17,9414909,152,0.02531645569620253,0.002791483711315317,1e-20,1e-20,0.9674124800755652,1e-20,1e-20,0.9613603654339529,1e-20,1e-20,1e-20,0.0007604562737642585,1e-20,1e-20,1e-20,0.017857142857142856
Vehicle_17,9414909,153,0.19047619047619047,1e-20,1e-20,0.0011633470148314153,0.9674124800755652,0.04918032786885246,0.034482758620689655,0.9613603654339529,1e-20,1e-20,0.0011079495379346814,1e-20,0.1,1e-20,0.06451612903225806,0.04225352112676056
Vehicle_17,9414909,154,0.07,1e-20,1e-20,0.00028705965301034924,0.9674124800755652,1e-20,1e-20,0.9613603654339529,1e-20,1e-20,1e-20,0.000579155440284038,0.03225806451612903,0.00042807141238385414,0.047619047619047616,0.02531645569620253
Vehicle_17,9414909,155,0.075,1e-20,1e-20,1e-20,0.9674124800755652,1e-20,1e-20,0.9613603654339529,1e-20,1e-20,1e-20,1e-20,1e-20,0.0002820235187470098,0.041666666666666664,0.047619047619047616
Vehicle_17,9414909,156,0.006622516556291391,1e-20,1e-20,0.0006395890514441115,0.9674124800755652,0.125,1e-20,0.9613603654339529,1e-20,1e-20,1e-20,0.0015561654873718933,1e-20,1e-20,1e-20,0.009523809523809525
Vehicle_17,9414909,157,0.09090909090909091,0.2857142857142857,0.0019187671543323345,0.0010575881953012868,0.9674124800755652,1e-20,1e-20,0.03863963456604718,1e-20,1e-20,1e-20,0.002100067987812555,1e-20,1e-20,0.06666666666666667,0.04878048780487805
Vehicle_17,9414909,158,0.16666666666666666,0.07142857142857142,1e-20,1e-20,0.9674124800755652,0.3429286608260325,0.36623376623376624,0.8207282913165266,1e-20,1e-20,1e-20,1e-20,0.3340857787810384,1e-20,0.19101123595505617,0.18452380952380953
Vehicle_17,9414909,159,0.11538461538461539,0.022988505747126436,1e-20,1e-20,0.9674124800755652,1e-20,1e-20,0.04145256331534326,1e-20,1e-20,1e-20,1e-20,0.0004791566842357451,1e-20,0.002799552071668533,0.005039193729003359
Vehicle_17,9414909,160,0.04285714285714286,1e-20,1e-20,1e-20,0.9674124800755652,1e-20,1e-20,0.8008934269304403,0.019230769230769232,1e-20,1e-20,1e-20,1e-20,1e-20,1e-20,1e-20
Vehicle_17,9414909,161,0.006837606837606838,1e-20,1e-20,1e-20,0.9674124800755652,0.09090909090909091,0.07692307692307693,0.9613603654339529,1e-20,1e-20,1e-20,1e-20,0.05660377358490566,1e-20,1e-20,1e-20
Vehicle_17,9414909,162,0.10810810810810811,1e-20,1e-20,1e-20,0.03258751992443474,0.19318181818181818,0.17687074829931973,0.9613603654339529,0.11764705882352941,1e-20,1e-20,1e-20,0.02247191011235955,1e-20,1e-20,1e-20
Vehicle_17,9414909,163,0.13580246913580246,1.0,0.014705882352941176,0.15384615384615385,0.8513274336283185,0.07207207207207207,0.03932584269662921,0.9613603654339529,0.0782608695652174,1e-20,0.012552301255230125,0.043478260869565216,0.02040816326530612,0.02857142857142857,1e-20,0.02127659574468085
Vehicle_17,9414909,164,0.14392175128085702,1e-20,0.046153846153846156,0.06896551724137931,0.9618592351505288,0.05263157894736842,0.03614457831325301,0.9613603654339529,1e-20,1e-20,0.05263157894736842,0.03225806451612903,0.03361344537815126,0.044444444444444446,1e-20,1e-20
Vehicle_17,9414909,165,0.014820592823712949,1e-20,1e-20,1e-20,0.9618592351505288,1e-20,1e-20,0.9613603654339529,0.047619047619047616,1e-20,1e-20,1e-20,0.045871559633027525,1e-20,1e-20,0.1111111111111111
Vehicle_17,9414909,166,0.012738853503184714,1e-20,1e-20,1e-20,0.9618592351505288,1e-20,1e-20,0.03863963456604718,1e-20,1e-20,1e-20,1e-20,0.029197080291970802,1e-20,1e-20,1e-20
Vehicle_17,9414909,167,0.05555555555555555,1e-20,1e-20,1e-20,0.9618592351505288,0.06,1e-20,0.8207282913165266,0.3333333333333333,1e-20,1e-20,1e-20,0.030303030303030304,1e-20,1e-20,0.1417624521072797
Vehicle_17,9414909,168,0.10526315789473684,0.002907166820072528,0.0025734646085664643,0.0012086722232014706,0.9618592351505288,0.11392405063291139,0.13725490196078433,0.9585474366846567,1e-20,1e-20,1e-20,1e-20,0.038834951456310676,1e-20,0.10273972602739725,0.140625
Vehicle_17,9414909,169,0.09523809523809523,1e-20,1e-20,1e-20,0.9618592351505288,0.2073732718894009,0.24778761061946902,0.9585474366846567,0.0019489839599123712,1e-20,0.0008863596303477451,0.00042807141238385414,0.05454545454545454,1e-20,0.15053763440860216,0.1368421052631579
Vehicle_17,9414909,170,0.13333333333333333,0.015873015873015872,1e-20,1e-20,0.9618592351505288,0.0012970168612191958,1e-20,0.9585474366846567,1e-20,1e-20,1e-20,1e-20,0.03260869565217391,1e-20,0.02027027027027027,0.03816793893129771
Vehicle_17,9414909,171,0.2247191011235955,0.0625,1e-20,1e-20,0.9618592351505288,0.047619047619047616,1e-20,0.9585474366846567,1e-20,1e-20,1e-20,1e-20,1e-20,0.00012086722232014704,0.0547945205479452,0.058823529411764705
Vehicle_17,9414909,172,0.20588235294117646,1e-20,0.5,1e-20,0.9618592351505288,0.15789473684210525,0.125,0.9585474366846567,0.08333333333333333,1e-20,0.0008359982877143505,0.0004381436809105331,1e-20,0.00021151763906025734,0.18604651162790697,0.23809523809523808
Vehicle_17,9414909,173,0.21232876712328766,0.06896551724137931,1e-20,1e-20,0.9618592351505288,0.3123973727422003,1e-20,0.04145256331534326,1e-20,1e-20,0.0004230352781205147,0.0002064815047969179,0.11217183770883055,8.057814821343136e-05,0.011764705882352941,0.05819295558958652
Vehicle_17,9414909,174,0.2222222222222222,0.0449438202247191,1e-20,1e-20,0.9618592351505288,0.05008210180623974,0.06896551724137931,0.8008934269304403,1e-20,1e-20,0.0006496613199707904,0.0003374209956437439,0.03592814371257485,0.00012590335658348652,0.2,0.15196078431372548
Vehicle_17,9414909,175,0.3617021276595745,0.045454545454545456,1e-20,1e-20,0.9618592351505288,0.12577319587628866,0.11983471074380166,0.9613603654339529,1e-20,1e-20,0.0001410117593735049,8.561428247677081e-05,0.015789473684210527,3.525293984337622e-05,0.23809523809523808,0.20454545454545456
Vehicle_17,9414909,176,0.19753086419753085,0.17857142857142858,1e-20,1e-20,0.9618592351505288,0.33152173913043476,0.35224586288416077,0.9613603654339529,1e-20,1e-20,0.00045325208370055144,0.00025180671316697305,0.059782608695652176,3.0216805580036753e-05,0.1062992125984252,0.10719754977029096
Vehicle_17,9414909,177,0.05263157894736842,0.1566265060240964,1e-20,0.0002568428474303125,0.9618592351505288,0.07093184979137691,0.07424593967517401,0.9613603654339529,0.0006597335884974693,1e-20,0.000448215949437212,0.0002467705789036336,0.08280254777070063,7.050587968675244e-05,0.14960629921259844,0.1610738255033557
Vehicle_17,9414909,178,0.1388888888888889,0.125,0.16666666666666666,1e-20,0.9618592351505288,0.04591836734693878,0.05084745762711865,0.9613603654339529,1e-20,1e-20,1e-20,1e-20,0.011695906432748537,0.00010575881953012865,0.1504424778761062,0.1386861313868613
Vehicle_17,9414909,179,0.11585365853658537,0.19540229885057472,0.14285714285714285,0.5,0.9618592351505288,0.061855670103092786,0.043478260869565216,0.9613603654339529,1e-20,1e-20,1e-20,1e-20,0.01282051282051282,4.028907410671568e-05,0.11290322580645161,0.134185303514377
Vehicle_17,9414909,180,0.05084745762711865,0.208955223880597,1e-20,1e-20,0.9618592351505288,1e-20,1e-20,0.9613603654339529,1e-20,1e-20,0.0007403117367109007,0.00030216805580036765,0.016666666666666666,0.0001410117593735049,0.02877697841726619,0.03076923076923077
Vehicle_17,9414909,181,0.17105263157894737,0.01639344262295082,0.25,0.5,0.9618592351505288,0.058823529411764705,0.14285714285714285,0.03863963456604718,1e-20,1e-20,0.0003626016669604412,0.00017626469921688112,1e-20,4.532520837005514e-05,0.18181818181818182,0.17142857142857143
Vehicle_17,9414909,182,0.06451612903225806,0.11764705882352941,1e-20,1e-20,0.9618592351505288,0.10344827586206896,0.07692307692307693,0.8207282913165266,0.0018532974089089215,1e-20,0.0005640470374940196,0.0002920957872736887,0.013333333333333334,0.00012590335658348652,0.0611353711790393,0.12387387387387387
Vehicle_17,9414909,183,0.027777777777777776,1e-20,1e-20,1e-20,0.9618592351505288,0.05,0.03333333333333333,0.9585474366846567,1e-20,1e-20,0.0020698511822325183,0.0009669377785611764,0.0625,0.0010122629869312315,0.0735930735930736,0.06903765690376569
Vehicle_17,9414909,184,0.15384615384615385,0.047619047619047616,0.004930375443809332,0.0022209352101327023,0.9618592351505288,0.06896551724137931,0.14634146341463414,0.9585474366846567,0.004144738498728376,1e-20,1e-20,0.0016014906957419485,0.08771929824561403,1e-20,0.0963855421686747,0.09405940594059406
Vehicle_17,9414909,185,0.21739130434782608,0.07692307692307693,1e-20,1e-20,0.9618592351505288,0.1402439024390244,0.175,0.9585474366846567,1e-20,1e-20,1e-20,1e-20,0.0411522633744856,1e-20,0.22821576763485477,0.251865671641791
Vehicle_17,9414909,186,0.2033898305084746,0.1111111111111111,1e-20,1e-20,0.9618592351505288,0.09137055837563451,0.08791208791208792,0.9585474366846567,1e-20,1e-20,1e-20,1e-20,0.06711409395973154,1e-20,0.06224066390041494,0.0708955223880597
Vehicle_17,9414909,187,1e-20,0.023255813953488372,1e-20,1e-20,0.9618592351505288,1e-20,1e-20,0.9585474366846567,1e-20,1e-20,1e-20,1e-20,0.003424657534246575,1e-20,0.014084507042253521,0.006060606060606061
Vehicle_17,9414909,188,0.010582010582010581,1e-20,1e-20,1e-20,0.9618592351505288,1e-20,1e-20,0.9585474366846567,1e-20,1e-20,1e-20,0.0009367209729811397,1e-20,1e-20,1e-20,1e-20
Vehicle_17,9414909,189,0.05263157894736842,1e-20,1e-20,1e-20,0.9618592351505288,1e-20,1e-20,0.9585474366846567,1e-20,1e-20,1e-20,0.0006748419912874878,1e-20,0.000448215949437212,1e-20,1e-20
Vehicle_17,9414909,190,0.07407407407407407,0.07692307692307693,1e-20,1e-20,0.9618592351505288,1e-20,1e-20,0.9585474366846567,1e-20,1e-20,1e-20,0.0013396117140482965,1e-20,1e-20,0.024390243902439025,0.028985507246376812
Vehicle_17,9414909,191,0.006896551724137931,1e-20,1e-20,1e-20,0.9618592351505288,0.125,0.14285714285714285,0.9585474366846567,1e-20,1e-20,1e-20,1e-20,1e-20,1e-20,0.058823529411764705,0.03333333333333333
Vehicle_17,9414909,192,0.125,0.08333333333333333,1e-20,1e-20,0.9618592351505288,1e-20,1e-20,0.9585474366846567,1e-20,1e-20,1e-20,1e-20,1e-20,1e-20,0.038461538461538464,0.02962962962962963
Vehicle_17,9414909,193,0.23333333333333334,1e-20,0.14285714285714285,1e-20,0.9618592351505288,1e-20,1e-20,0.04145256331534326,1e-20,1e-20,1e-20,1e-20,1e-20,1e-20,1e-20,0.03225806451612903
Vehicle_17,9414909,194,0.1415929203539823,1e-20,1e-20,1e-20,0.9618592351505288,1e-20,0.006013144310427316,0.8008934269304403,1e-20,1e-20,1e-20,1e-20,1e-20,1e-20,1e-20,0.047619047619047616
Vehicle_17,9414909,195,0.12857142857142856,1e-20,1e-20,1e-20,0.03814076484947111,1e-20,1e-20,0.9613603654339529,1e-20,1e-20,1e-20,1e-20,0.2,1e-20,0.0038778233827713848,1e-20
Vehicle_17,9414909,196,1e-20,1e-20,1e-20,1e-20,0.8374371859296482,0.10256410256410256,1e-20,0.9613603654339529,0.09090909090909091,1e-20,1e-20,1e-20,1e-20,1e-20,1e-20,1e-20
Vehicle_17,9414909,197,1e-20,0.003138533037586951,0.06109324758842444,0.05673758865248227,0.9674124800755652,1e-20,1e-20,0.9613603654339529,0.08888888888888889,1e-20,0.11619718309859155,0.02631578947368421,0.04,0.058823529411764705,1e-20,1e-20
Vehicle_17,9414909,198,0.045932484781405644,1e-20,0.1513157894736842,0.17293233082706766,0.9674124800755652,1e-20,1e-20,0.9613603654339529,0.0027472527472527475,1e-20,0.020895522388059702,1e-20,1e-20,1e-20,1e-20,0.1111111111111111
Vehicle_17,9414909,199,0.005964214711729622,0.25,0.09380234505862646,0.003472222222222222,0.03258751992443474,0.08333333333333333,0.16666666666666666,0.9613603654339529,1e-20,1e-20,0.03773584905660377,1e-20,1e-20,1e-20,1e-20,1e-20
Vehicle_17,9414909,200,1e-20,1e-20,0.0017605633802816902,0.1111111111111111,0.8513274336283185,0.125,0.3333333333333333,0.9613603654339529,1e-20,1e-20,1e-20,1e-20,1e-20,1e-20,1e-20,0.037037037037037035
Vehicle_17,9414909,201,0.13333333333333333,0.002052117755345314,1e-20,1e-20,0.9618592351505288,1e-20,1e-20,0.9613603654339529,1e-20,1e-20,1e-20,1e-20,0.07142857142857142,1e-20,1e-20,1e-20
Vehicle_17,9414909,202,0.037037037037037035,0.25,1e-20,1e-20,0.9618592351505288,1e-20,1e-20,0.9613603654339529,0.030303030303030304,1e-20,1e-20,1e-20,1e-20,1e-20,1e-20,0.058823529411764705
Vehicle_17,9414909,203,1e-20,1e-20,1e-20,1e-20,0.9618592351505288,0.25,0.0074434064412157224,0.9613603654339529,0.1,1e-20,1e-20,1e-20,1e-20,1e-20,0.18181818181818182,0.07142857142857142
Vehicle_17,9414909,204,0.1111111111111111,1e-20,1e-20,1e-20,0.9618592351505288,0.07692307692307693,1e-20,0.9613603654339529,1e-20,1e-20,1e-20,1e-20,1e-20,0.0020295621081258025,1e-20,1e-20
Vehicle_17,9414909,205,1e-20,1e-20,0.25,0.5,0.9618592351505288,0.05555555555555555,0.07692307692307693,0.9613603654339529,1e-20,1e-20,1e-20,1e-20,0.043010752688172046,0.0022612242842394176,1e-20,1e-20
Vehicle_17,9414909,206,1e-20,1e-20,1e-20,1e-20,0.9618592351505288,0.00392156862745098,0.004866180048661801,0.9613603654339529,1e-20,1e-20,1e-20,1e-20,0.029411764705882353,1e-20,1e-20,0.021739130434782608
Vehicle_17,9414909,207,0.16666666666666666,0.25,1e-20,1e-20,0.9618592351505288,1e-20,1e-20,0.9613603654339529,1e-20,1e-20,0.0014906957419484803,0.0006748419912874878,1e-20,0.000448215949437212,1e-20,0.005917159763313609
Vehicle_17,9414909,208,0.09523809523809523,0.05,1e-20,1e-20,0.9618592351505288,0.11764705882352941,0.125,0.9613603654339529,0.3333333333333333,1e-20,1e-20,0.0011834915518847732,1e-20,1e-20,0.09090909090909091,0.10714285714285714
Vehicle_17,9414909,209,0.07272727272727272,1e-20,1e-20,1e-20,0.9618592351505288,0.03571428571428571,1e-20,0.9613603654339529,1e-20,1e-20,1e-20,1e-20,1e-20,1e-20,0.05172413793103448,0.05504587155963303
Vehicle_17,9414909,210,0.06382978723404255,1e-20,1e-20,1e-20,0.9618592351505288,0.09090909090909091,1e-20,0.9613603654339529,0.08333333333333333,1e-20,0.001269105834361544,0.00042807141238385414,0.004507340165688817,0.00019640923627023895,0.045454545454545456,0.043010752688172046
Vehicle_17,9414909,211,0.1986754966887417,0.1111111111111111,1e-20,1e-20,0.9618592351505288,1e-20,1e-20,0.9613603654339529,0.07142857142857142,1e-20,1e-20,0.0003323848613804044,1e-20,1e-20,1e-20,1e-20
Vehicle_17,9414909,212,0.15384615384615385,0.18181818181818182,1e-20,1e-20,0.9618592351505288,1e-20,1e-20,0.9613603654339529,0.1,1e-20,0.0024878503260896937,1e-20,1e-20,1e-20,1e-20,1e-20
Vehicle_17,9414909,213,0.10655737704918032,1e-20,1e-20,1e-20,0.9618592351505288,1e-20,1e-20,0.9613603654339529,1e-20,1e-20,1e-20,0.0005237579633873039,1e-20,1e-20,1e-20,1e-20
Vehicle_17,9414909,214,0.13157894736842105,0.2,1e-20,1e-20,0.9618592351505288,1e-20,1e-20,0.9613603654339529,0.11764705882352941,1e-20,0.16666666666666666,1e-20,1e-20,0.5,0.25,0.18518518518518517
Vehicle_17,9414909,215,0.2331288343558282,0.16666666666666666,0.034482758620689655,0.07692307692307693,0.9618592351505288,0.04,0.09090909090909091,0.9613603654339529,0.041666666666666664,1e-20,0.11764705882352941,0.0006043361116007353,1e-20,1e-20,0.058823529411764705,0.03333333333333333
Vehicle_17,9414909,216,0.08292682926829269,0.18181818181818182,1e-20,1e-20,0.9618592351505288,1e-20,1e-20,0.9613603654339529,1e-20,1e-20,0.058823529411764705,0.0007604562737642585,1e-20,1e-20,0.1111111111111111,0.05970149253731343
Vehicle_17,9414909,217,1e-20,0.15625,1e-20,1e-20,0.9618592351505288,0.004054088081988266,0.002200790673079344,0.9613603654339529,1e-20,1e-20,1e-20,0.0011633470148314153,1e-20,0.0009870823156145343,0.0392156862745098,0.018518518518518517
Vehicle_17,9414909,218,1e-20,1e-20,1e-20,1e-20,0.9618592351505288,1e-20,1e-20,0.9613603654339529,0.5,1e-20,1e-20,1e-20,1e-20,1e-20,0.0625,0.05555555555555555
Vehicle_17,9414909,219,0.21739130434782608,1e-20,0.15384615384615385,0.18181818181818182,0.9618592351505288,1e-20,1e-20,0.9613603654339529,0.2,1e-20,0.057692307692307696,1e-20,1e-20,1e-20,0.125,0.08053691275167785
Vehicle_17,9414909,220,0.2033898305084746,0.08,0.03463203463203463,0.03636363636363636,0.9618592351505288,1e-20,1e-20,0.9613603654339529,0.2,1e-20,0.014925373134328358,1e-20,1e-20,1e-20,1e-20,1e-20
Vehicle_17,9414909,221,0.34285714285714286,1e-20,0.15942028985507245,0.037037037037037035,0.03814076484947111,0.06666666666666667,1e-20,0.9613603654339529,0.21428571428571427,1e-20,1e-20,1e-20,1e-20,1e-20,1e-20,0.045454545454545456
Vehicle_17,9414909,222,0.24175824175824176,1e-20,0.011406844106463879,1e-20,0.8374371859296482,1e-20,1e-20,0.9613603654339529,1e-20,1e-20,1e-20,1e-20,1e-20,1e-20,1e-20,1e-20
Vehicle_17,9414909,223,0.15028901734104047,0.002746216407888582,0.038461538461538464,0.058823529411764705,0.9674124800755652,1e-20,1e-20,0.9613603654339529,0.004048582995951417,1e-20,1e-20,1e-20,1e-20,1e-20,0.007609598871905925,0.25
Vehicle_17,9414909,224,0.020895119978430843,0.0023991670816169482,1e-20,1e-20,0.9674124800755652,0.06666666666666667,1e-20,0.03863963456604718,0.04,1e-20,0.1111111111111111,0.06818181818181818,0.07692307692307693,0.02857142857142857,0.00981542567924861,1e-20
Vehicle_17,9414909,225,0.04970178926441352,1e-20,0.06976744186046512,0.08695652173913043,0.9674124800755652,0.25,1e-20,0.8207282913165266,0.13504823151125403,1e-20,0.02564102564102564,0.043478260869565216,0.037037037037037035,1e-20,0.00429582252662856,1e-20
Vehicle_17,9414909,226,0.03747072599531616,0.0017704545340234083,1e-20,1e-20,0.9674124800755652,1e-20,1e-20,0.9585474366846567,0.1592356687898089,1e-20,0.09302325581395349,0.047619047619047616,0.08571428571428572,0.023809523809523808,1e-20,1e-20
Vehicle_17,9414909,227,0.04790419161676647,0.0022180978679100087,0.08695652173913043,0.10416666666666667,0.9674124800755652,0.16,0.22727272727272727,0.9585474366846567,0.006430868167202572,1e-20,0.06779661016949153,0.03076923076923077,0.013157894736842105,0.03125,1e-20,1e-20
Vehicle_17,9414909,228,0.06048387096774194,1e-20,0.0842911877394636,0.06962025316455696,0.9674124800755652,0.1111111111111111,0.15384615384615385,0.9585474366846567,0.125,1e-20,0.011538461538461539,0.046511627906976744,0.04455445544554455,0.017857142857142856,1e-20,1e-20
Vehicle_17,9414909,229,0.12272727272727273,1e-20,0.0031446540880503146,1e-20,0.9674124800755652,0.02531645569620253,0.027303754266211604,0.9585474366846567,1e-20,1e-20,1e-20,0.021739130434782608,0.0379746835443038,1e-20,1e-20,0.009259259259259259
Vehicle_17,9414909,230,0.004301075268817204,1e-20,1e-20,1e-20,0.9674124800755652,0.03125,0.022222222222222223,0.9585474366846567,1e-20,1e-20,1e-20,1e-20,1e-20,1e-20,0.06976744186046512,0.05747126436781609
Vehicle_17,9414909,231,0.07142857142857142,1e-20,0.0026842595623599325,0.001455442802105104,0.9674124800755652,1e-20,1e-20,0.9585474366846567,1e-20,1e-20,1e-20,0.0009669377785611764,1e-20,0.0010122629869312315,0.037037037037037035,0.03169014084507042
Vehicle_17,9414909,232,0.19047619047619047,1e-20,1e-20,1e-20,0.9674124800755652,1e-20,1e-20,0.9585474366846567,1e-20,1e-20,1e-20,1e-20,1e-20,1e-20,1e-20,1e-20
Vehicle_17,9414909,233,0.14285714285714285,1e-20,1e-20,1e-20,0.9674124800755652,1e-20,1e-20,0.9585474366846567,0.1,1e-20,1e-20,1e-20,1e-20,1e-20,1e-20,0.058823529411764705
Vehicle_17,9414909,234,0.023255813953488372,1e-20,1e-20,1e-20,0.9674124800755652,0.0015863822929519302,0.0007100949311308639,0.9585474366846567,1e-20,1e-20,1e-20,0.000634552917180772,0.0013547201168383149,0.0005590109032306801,1e-20,1e-20
Vehicle_17,9414909,235,0.0893854748603352,0.5,0.125,0.16666666666666666,0.9674124800755652,0.16666666666666666,1e-20,0.9585474366846567,0.08695652173913043,1e-20,1e-20,0.0008561428247677083,1e-20,0.0005439025004406618,1e-20,1e-20
Vehicle_17,9414909,236,0.1056338028169014,1e-20,0.2,1e-20,0.9674124800755652,0.11764705882352941,0.1111111111111111,0.9585474366846567,1e-20,1e-20,1e-20,1e-20,0.14285714285714285,0.0010777327323546447,0.2222222222222222,0.1111111111111111
Vehicle_17,9414909,237,0.006944444444444444,1e-20,1e-20,1e-20,0.9674124800755652,1e-20,1e-20,0.9585474366846567,1e-20,1e-20,1e-20,1e-20,1e-20,1.0,0.047619047619047616,0.07142857142857142
Vehicle_17,9414909,238,0.2647058823529412,0.14285714285714285,0.02,0.03333333333333333,0.9674124800755652,1e-20,1e-20,0.9585474366846567,1e-20,1e-20,0.011494252873563218,1e-20,1e-20,1e-20,0.014492753623188406,0.02127659574468085
Vehicle_17,9414909,239,0.07547169811320754,1e-20,0.1,0.1111111111111111,0.9674124800755652,1e-20,1e-20,0.9585474366846567,1e-20,1e-20,0.03125,0.003761992294714577,1e-20,1e-20,0.07142857142857142,0.02702702702702703
Vehicle_17,9414909,240,0.013157894736842105,1e-20,0.015873015873015872,1e-20,0.9674124800755652,0.1111111111111111,0.2,0.9585474366846567,1e-20,1e-20,0.039473684210526314,1e-20,1e-20,0.5,1e-20,1e-20
Vehicle_17,9414909,241,0.041666666666666664,1e-20,0.011235955056179775,0.02564102564102564,0.9674124800755652,1e-20,1e-20,0.9585474366846567,1e-20,1e-20,1e-20,1e-20,1e-20,1e-20,0.14285714285714285,0.1111111111111111
Vehicle_17,9414909,242,1e-20,1e-20,1e-20,1e-20,0.9674124800755652,0.0035971223021582736,1e-20,0.9585474366846567,1e-20,1e-20,1e-20,1e-20,1e-20,1e-20,0.13333333333333333,0.07407407407407407
Vehicle_17,9414909,243,0.11764705882352941,1e-20,1e-20,1e-20,0.9674124800755652,1e-20,1e-20,0.9585474366846567,0.004869941832649259,1e-20,1e-20,1e-20,1e-20,1e-20,1e-20,0.007352941176470588
Vehicle_17,9414909,244,0.05555555555555555,1e-20,0.08333333333333333,0.125,0.9674124800755652,1e-20,1e-20,0.9585474366846567,1e-20,1e-20,1e-20,1e-20,1e-20,1e-20,0.10526315789473684,0.05714285714285714
Vehicle_17,9414909,245,0.02857142857142857,1e-20,0.05555555555555555,0.14285714285714285,0.9674124800755652,1e-20,0.0012187444917281494,0.9585474366846567,0.05263157894736842,1e-20,1e-20,1e-20,1e-20,1e-20,1e-20,1e-20
Vehicle_17,9414909,246,0.01282051282051282,1e-20,0.1111111111111111,1e-20,0.9674124800755652,0.3333333333333333,1e-20,0.9585474366846567,1e-20,1e-20,1e-20,0.25,1e-20,1e-20,1e-20,1e-20
Vehicle_17,9414909,247,0.09523809523809523,0.25,0.09090909090909091,1e-20,0.03258751992443474,0.16666666666666666,1e-20,0.9585474366846567,0.045454545454545456,1e-20,0.041666666666666664,1e-20,1e-20,1e-20,1e-20,1e-20
Vehicle_17,9414909,248,0.16556291390728478,1e-20,1e-20,1e-20,0.8513274336283185,0.07142857142857142,1e-20,0.9585474366846567,0.05555555555555555,1e-20,1e-20,0.0010978772694080023,0.0014705512048951224,0.0008259260191876716,1e-20,1e-20
Vehicle_17,9414909,249,0.1076923076923077,1e-20,1e-20,0.0016971772467453982,0.9618592351505288,1e-20,1e-20,0.9585474366846567,1e-20,1e-20,1e-20,0.0005640470374940196,1e-20,0.00040289074106715684,1e-20,1e-20
Vehicle_17,9414909,250,0.006711409395973154,0.14285714285714285,0.1388888888888889,0.18181818181818182,0.9618592351505288,1e-20,0.0009316848387178002,0.9585474366846567,1e-20,1e-20,1e-20,1e-20,0.0034447158361241913,1e-20,0.02564102564102564,0.015151515151515152
Vehicle_17,9414909,251,0.05263157894736842,0.07692307692307693,0.0392156862745098,0.07142857142857142,0.9618592351505288,1e-20,1e-20,0.9585474366846567,1e-20,1e-20,0.07142857142857142,1e-20,1e-20,0.0026389343539898772,0.08333333333333333,0.0967741935483871
Vehicle_17,9414909,252,0.16666666666666666,0.058823529411764705,0.008849557522123894,0.01818181818181818,0.9618592351505288,1e-20,0.006703094704504822,0.9585474366846567,1e-20,1e-20,0.06666666666666667,1e-20,1e-20,1e-20,0.07692307692307693,0.09523809523809523
Vehicle_17,9414909,253,0.17307692307692307,1e-20,0.07142857142857142,0.09090909090909091,0.9618592351505288,0.1111111111111111,0.2,0.9585474366846567,0.16666666666666666,1e-20,1e-20,1e-20,1e-20,1e-20,0.17391304347826086,0.16981132075471697
Vehicle_17,9414909,254,0.075,0.3076923076923077,0.125,0.16666666666666666,0.9618592351505288,1e-20,1e-20,0.9585474366846567,0.2222222222222222,1e-20,1e-20,1e-20,0.043478260869565216,1e-20,1e-20,0.014218009478672985
Vehicle_17,9414909,255,1e-20,1e-20,0.08,0.125,0.9618592351505288,0.16417910447761194,0.1487603305785124,0.9585474366846567,1e-20,1e-20,0.007407407407407408,0.022727272727272728,0.018867924528301886,0.08571428571428572,1e-20,1e-20
Vehicle_17,9414909,256,0.02244258872651357,1e-20,0.037037037037037035,0.023255813953488372,0.9618592351505288,0.16326530612244897,0.1543026706231454,0.9585474366846567,0.07849829351535836,1e-20,0.0136986301369863,0.06666666666666667,0.022988505747126436,0.08974358974358974,1e-20,0.08333333333333333
Vehicle_17,9414909,257,0.23026315789473684,1e-20,0.0625,0.09523809523809523,0.03814076484947111,0.3915929203539823,0.4207920792079208,0.9585474366846567,0.042071197411003236,1e-20,0.028169014084507043,0.06976744186046512,0.047619047619047616,0.06060606060606061,1e-20,0.047619047619047616
Vehicle_17,9414909,258,0.4996825396825397,1e-20,0.012987012987012988,0.023809523809523808,0.8374371859296482,0.07851239669421488,0.06607929515418502,0.9585474366846567,0.023255813953488372,1e-20,0.03125,0.012658227848101266,0.08287292817679558,1e-20,1e-20,0.03333333333333333
Vehicle_17,9414909,259,0.0018873011593421407,0.0028820183181687865,1e-20,1e-20,0.9674124800755652,0.21301775147928995,0.18421052631578946,0.9585474366846567,1e-20,1e-20,1e-20,1e-20,0.043209876543209874,1e-20,1e-20,1e-20
Vehicle_17,9414909,260,0.03278688524590164,0.002716038205604092,1e-20,1e-20,0.9674124800755652,0.026963657678780773,0.029487179487179487,0.9585474366846567,0.004426762017475386,1e-20,1e-20,1e-20,0.07119741100323625,1e-20,1e-20,1e-20
Vehicle_17,9414909,261,1e-20,0.0032592458467249107,1e-20,1e-20,0.9674124800755652,1e-20,1e-20,0.9585474366846567,0.0029461385440535844,1e-20,1e-20,1e-20,0.03755868544600939,1e-20,1e-20,0.05555555555555555
Vehicle_17,9414909,262,0.05263157894736842,0.16666666666666666,1e-20,1e-20,0.9674124800755652,0.025,0.041666666666666664,0.9585474366846567,1e-20,1e-20,1e-20,1e-20,1e-20,0.0003726739354871201,1e-20,0.004694835680751174
Vehicle_17,9414909,263,0.16666666666666666,1e-20,1e-20,1e-20,0.9674124800755652,0.14285714285714285,1e-20,0.9585474366846567,1e-20,1e-20,1e-20,0.00030216805580036765,1e-20,1e-20,0.07692307692307693,0.06666666666666667
Vehicle_17,9414909,264,0.25,1e-20,1e-20,1e-20,0.9674124800755652,0.09090909090909091,0.3333333333333333,0.9585474366846567,1e-20,1e-20,1e-20,0.0003626016669604412,1e-20,0.0002417344446402941,1e-20,0.02
Vehicle_17,9414909,265,1e-20,1e-20,1e-20,1e-20,0.9674124800755652,0.125,1e-20,0.9585474366846567,0.07142857142857142,1e-20,0.001269105834361544,1e-20,1e-20,1e-20,0.030303030303030304,0.0273972602739726
Vehicle_17,9414909,266,0.2138728323699422,1e-20,1e-20,1e-20,0.9674124800755652,0.07142857142857142,1e-20,0.9585474366846567,1e-20,1e-20,0.002407272177876262,0.0005287940976506434,1e-20,0.00031224032432704653,0.025,0.02564102564102564
Vehicle_17,9414909,267,0.018404907975460124,0.2,1e-20,1e-20,0.9674124800755652,0.06,0.045454545454545456,0.9585474366846567,1e-20,1e-20,0.001616599098531967,1e-20,1e-20,0.0006043361116007353,1e-20,0.06451612903225806
Vehicle_17,9414909,268,1e-20,1e-20,0.008370055145670184,0.004804472087225845,0.9674124800755652,0.05555555555555555,1e-20,0.9585474366846567,1e-20,1e-20,1e-20,1e-20,1e-20,1e-20,0.125,0.05
Vehicle_17,9414909,269,0.3333333333333333,1e-20,1e-20,0.009911112230252058,0.9674124800755652,1e-20,1e-20,0.9585474366846567,1e-20,1e-20,1e-20,1e-20,1e-20,1e-20,1e-20,0.16666666666666666
Vehicle_17,9414909,270,0.19047619047619047,1e-20,0.125,0.16666666666666666,0.9674124800755652,0.05263157894736842,0.1,0.9585474366846567,1e-20,1e-20,1e-20,1e-20,1e-20,1e-20,1e-20,0.014705882352941176
Vehicle_17,9414909,271,0.26373626373626374,1e-20,0.031578947368421054,0.04,0.9674124800755652,0.07142857142857142,0.1,0.9585474366846567,0.06666666666666667,1e-20,1e-20,1e-20,1e-20,1e-20,1e-20,1e-20
Vehicle_17,9414909,272,0.021739130434782608,1e-20,0.05555555555555555,0.030303030303030304,0.9674124800755652,1e-20,1e-20,0.9585474366846567,1e-20,1e-20,0.025,1e-20,1e-20,0.034482758620689655,1e-20,1e-20
Vehicle_17,9414909,273,1e-20,1e-20,0.1059322033898305,0.0896551724137931,0.9674124800755652,1e-20,1e-20,0.9585474366846567,0.058823529411764705,1e-20,0.03296703296703297,0.09090909090909091,1e-20,1e-20,1e-20,1e-20
Vehicle_17,9414909,274,1.0,1e-20,0.09454545454545454,0.11180124223602485,0.9674124800755652,1e-20,1e-20,0.04145256331534326,0.017241379310344827,1e-20,0.045454545454545456,0.045454545454545456,0.011363636363636364,0.02857142857142857,0.0076045627376425855,1e-20
Vehicle_17,9414909,275,0.004242819843342037,1e-20,0.09971509971509972,0.07389162561576355,0.9674124800755652,1e-20,1e-20,0.8008934269304403,0.01652892561983471,1e-20,0.025,0.08,0.0380952380952381,1e-20,1e-20,0.02702702702702703
Vehicle_17,9414909,276,0.18840579710144928,0.0029725529250222565,0.006944444444444444,0.005434782608695652,0.9674124800755652,1e-20,1e-20,0.9613603654339529,0.037037037037037035,1e-20,0.060240963855421686,1e-20,0.023809523809523808,1e-20,1e-20,1e-20
Vehicle_17,9414909,277,1e-20,1e-20,0.12121212121212122,0.0625,0.9674124800755652,0.1917808219178082,0.1810344827586207,0.9613603654339529,0.15,1e-20,0.034482758620689655,1e-20,0.07547169811320754,0.10526315789473684,0.03225806451612903,0.025
Vehicle_17,9414909,278,0.19166666666666668,0.03333333333333333,0.20481927710843373,0.2564102564102564,0.9674124800755652,0.070926143024619,0.06739130434782609,0.9613603654339529,0.15384615384615385,1e-20,0.024691358024691357,0.015384615384615385,0.09448818897637795,0.075,1e-20,0.030303030303030304
Vehicle_17,9414909,279,0.20887728459530025,0.08333333333333333,0.1335559265442404,0.11475409836065574,0.9674124800755652,0.27710843373493976,0.2727272727272727,0.9613603654339529,0.2592,1e-20,0.054878048780487805,0.09615384615384616,0.11538461538461539,0.05555555555555555,0.07692307692307693,0.09090909090909091
Vehicle_17,9414909,280,0.4996825396825397,0.047619047619047616,0.1702127659574468,0.15104166666666666,0.9674124800755652,0.3405940594059406,0.3127413127413127,0.9613603654339529,0.1344,1e-20,0.05737704918032787,0.13432835820895522,0.09954751131221719,0.11224489795918367,0.03278688524590164,0.03571428571428571
Vehicle_17,9414909,281,0.10056619034780265,0.06666666666666667,0.20146520146520147,0.1702127659574468,0.9674124800755652,0.23552123552123552,0.2222222222222222,0.9613603654339529,0.22564102564102564,1e-20,0.09606986899563319,0.07801418439716312,0.10407239819004525,0.11926605504587157,1e-20,0.017241379310344827
Vehicle_17,9414909,282,0.40562248995983935,0.1794871794871795,0.16100178890876565,0.17343173431734318,0.9674124800755652,0.13814955640050697,0.12857142857142856,0.9613603654339529,0.2,1e-20,0.1497584541062802,0.07947019867549669,0.13,0.04918032786885246,0.05263157894736842,0.025
Vehicle_17,9414909,283,0.20887728459530025,0.02564102564102564,0.22664015904572565,0.2217573221757322,0.9674124800755652,0.27710843373493976,0.2727272727272727,0.9613603654339529,0.2,1e-20,0.1222707423580786,0.1484375,0.08888888888888889,0.0975609756097561,0.1,0.1388888888888889
Vehicle_17,9414909,284,0.17587301587301588,0.1111111111111111,0.08626760563380281,0.10256410256410256,0.9674124800755652,0.3405940594059406,0.3127413127413127,0.9613603654339529,0.13863636363636364,1e-20,0.08059701492537313,0.0546875,0.09954751131221719,0.056910569105691054,0.022222222222222223,0.02040816326530612
Vehicle_17,9414909,285,0.40562248995983935,0.025,0.13213213213213212,0.10919540229885058,0.9674124800755652,0.0637065637065637,0.07279693486590039,0.9613603654339529,0.010101010101010102,1e-20,0.06060606060606061,0.009708737864077669,0.00904977375565611,1e-20,1e-20,1e-20
Vehicle_17,9414909,286,0.5244778067885117,0.07142857142857142,0.11945392491467577,0.11191335740072202,0.9674124800755652,0.06802721088435375,0.07534246575342465,0.9613603654339529,0.047619047619047616,1e-20,0.09090909090909091,0.047619047619047616,1e-20,0.0625,0.07692307692307693,0.09448818897637795
Vehicle_17,9414909,287,0.5244778067885117,1e-20,0.015463917525773196,0.006493506493506494,0.9674124800755652,1e-20,1e-20,0.9613603654339529,0.01,1e-20,0.07581227436823104,0.06818181818181818,0.07407407407407407,1e-20,0.025,0.023809523809523808
Vehicle_17,9414909,288,0.0009791122715404699,1e-20,0.07692307692307693,0.08695652173913043,0.9674124800755652,1e-20,1e-20,0.9613603654339529,1e-20,1e-20,0.011560693641618497,1e-20,1e-20,1e-20,0.07142857142857142,0.06896551724137931
Vehicle_17,9414909,289,0.14285714285714285,0.07692307692307693,0.08695652173913043,0.05263157894736842,0.9674124800755652,1e-20,1e-20,0.9613603654339529,1e-20,1e-20,0.06896551724137931,1e-20,0.0625,1e-20,0.07462686567164178,0.12096774193548387
Vehicle_17,9414909,290,0.025974025974025976,0.27631578947368424,0.05865921787709497,0.05741626794258373,0.9674124800755652,0.1,0.09090909090909091,0.9613603654339529,0.06666666666666667,1e-20,0.058823529411764705,1e-20,1e-20,0.043478260869565216,0.1951219512195122,0.11458333333333333
Vehicle_17,9414909,291,0.10434782608695652,0.13157894736842105,0.11019283746556474,0.10869565217391304,0.9674124800755652,1e-20,1e-20,0.9613603654339529,0.03125,1e-20,0.04405286343612335,0.06666666666666667,0.03571428571428571,0.03333333333333333,0.045454545454545456,0.031007751937984496
Vehicle_17,9414909,292,0.03880597014925373,0.04,0.17732558139534885,0.18902439024390244,0.9674124800755652,0.10344827586206896,0.13333333333333333,0.9613603654339529,1e-20,1e-20,0.018867924528301886,0.019230769230769232,0.01818181818181818,1e-20,1e-20,1e-20
Vehicle_17,9414909,293,0.2543352601156069,1e-20,0.008264462809917356,0.00510204081632653,0.9674124800755652,1e-20,1e-20,0.9613603654339529,1e-20,1e-20,0.014925373134328358,0.007751937984496124,0.014598540145985401,0.03571428571428571,1e-20,1e-20
Vehicle_17,9414909,294,0.013574660633484163,1e-20,1e-20,1e-20,0.9674124800755652,0.18309859154929578,0.20512820512820512,0.9613603654339529,1e-20,1e-20,0.04938271604938271,1e-20,0.08558558558558559,0.04,1e-20,1e-20
Vehicle_17,9414909,295,0.07692307692307693,1e-20,0.010526315789473684,0.02,0.9674124800755652,0.02574257425742574,0.02702702702702703,0.9613603654339529,0.02040816326530612,1e-20,0.009345794392523364,0.020833333333333332,0.08888888888888889,1e-20,1e-20,0.029411764705882353
Vehicle_17,9414909,296,0.34108527131782945,0.06666666666666667,0.09333333333333334,0.1891891891891892,0.9674124800755652,0.1728395061728395,0.0975609756097561,0.9613603654339529,1e-20,1e-20,0.01990049751243781,0.031578947368421054,0.02262443438914027,0.02040816326530612,0.21212121212121213,0.21379310344827587
Vehicle_17,9414909,297,0.3009049773755656,0.08163265306122448,0.0851063829787234,0.06770833333333333,0.9674124800755652,0.061872909698996656,0.059190031152647975,0.9613603654339529,0.24110671936758893,1e-20,0.04504504504504504,0.022900763358778626,0.025423728813559324,0.07766990291262135,0.002577319587628866,0.004744958481613286
Vehicle_17,9414909,298,0.617026055705301,0.029411764705882353,0.2721518987341772,0.23880597014925373,0.9674124800755652,0.19021739130434784,0.19642857142857142,0.9613603654339529,0.08146964856230032,1e-20,0.0851063829787234,0.1337579617834395,0.06172839506172839,0.13744075829383887,1e-20,1e-20
Vehicle_17,9414909,299,0.617026055705301,1e-20,0.05305039787798409,0.02631578947368421,0.9674124800755652,0.30710659898477155,0.3380952380952381,0.9613603654339529,0.06923076923076923,1e-20,0.0625,0.1337579617834395,0.06542056074766354,0.13744075829383887,1e-20,1e-20
Vehicle_17,9414909,300,0.1632973944294699,1e-20,0.1111111111111111,0.14285714285714285,0.03258751992443474,0.18848167539267016,0.19207317073170732,0.9613603654339529,0.07909604519774012,1e-20,0.06201550387596899,0.09554140127388536,0.08108108108108109,0.08530805687203792,1e-20,1e-20
Vehicle_17,9414909,301,0.4316353887399464,1e-20,0.15113350125944586,0.09326424870466321,0.8513274336283185,0.15555555555555556,0.1678832116788321,0.9613603654339529,0.15418502202643172,1e-20,0.11602209944751381,0.038461538461538464,0.06395348837209303,0.061224489795918366,1e-20,1e-20
Vehicle_17,9414909,302,0.5488404778636683,1e-20,0.20300751879699247,0.12626262626262627,0.9618592351505288,0.21237458193979933,0.20249221183800623,0.9613603654339529,0.10972568578553615,1e-20,0.06802721088435375,0.04081632653061224,0.011695906432748537,0.022988505747126436,1e-20,1e-20
Vehicle_17,9414909,303,0.20238931834153198,1e-20,0.11607142857142858,0.08852459016393442,0.9618592351505288,0.20194647201946472,0.20175438596491227,0.9613603654339529,0.12206572769953052,1e-20,0.07239819004524888,0.09090909090909091,0.0547945205479452,0.02702702702702703,1e-20,1e-20
Vehicle_17,9414909,304,0.25301204819277107,1e-20,0.031496062992125984,0.02287581699346405,0.03814076484947111,0.00684931506849315,0.004347826086956522,0.9613603654339529,1e-20,1e-20,0.20920502092050208,0.021739130434782608,0.03910614525139665,0.056818181818181816,1e-20,0.037037037037037035
Vehicle_17,9414909,305,0.23257372654155495,1e-20,0.10344827586206896,0.13333333333333333,0.8374371859296482,0.04854368932038835,0.02040816326530612,0.9613603654339529,1e-20,1e-20,0.03584672435105068,0.13333333333333333,0.1171875,0.08387096774193549,1e-20,1e-20
Vehicle_17,9414909,306,0.1876484560570071,1e-20,0.11494252873563218,0.1282051282051282,0.9674124800755652,0.08559782608695653,0.09692671394799054,0.9613603654339529,0.078125,1e-20,0.11979166666666667,0.14388489208633093,0.10020040080160321,0.13438735177865613,1e-20,1e-20
Vehicle_17,9414909,307,0.390899689762151,0.002892077718930283,0.19269102990033224,0.18846153846153846,0.9674124800755652,0.11934156378600823,0.12595419847328243,0.9613603654339529,0.01098901098901099,1e-20,0.07392996108949416,0.0759493670886076,0.075046904315197,0.10452961672473868,0.024390243902439025,0.024390243902439025
Vehicle_17,9414909,308,0.00941492938802959,1e-20,0.2251968503937008,0.1863799283154122,0.9674124800755652,0.23026315789473684,0.11439114391143912,0.9613603654339529,0.1232876712328767,1e-20,0.15476190476190477,0.0935672514619883,0.20209580838323354,0.052854122621564484,0.02702702702702703,0.02857142857142857
Vehicle_17,9414909,309,0.2037037037037037,0.16666666666666666,0.20054945054945056,0.24742268041237114,0.03258751992443474,0.24358974358974358,0.315450643776824,0.9613603654339529,0.36893203883495146,1e-20,0.19205298013245034,0.15135135135135136,0.31099430573806397,0.12861736334405144,0.09090909090909091,0.09523809523809523
Vehicle_17,9414909,310,0.6138888888888889,0.16666666666666666,0.28535031847133757,0.2708860759493671,0.8513274336283185,0.33796791443850266,0.3378076062639821,0.9613603654339529,0.5208012326656395,1e-20,0.298787210584344,0.22300469483568075,0.31099430573806397,0.24100719424460432,0.22727272727272727,0.30985915492957744
Vehicle_17,9414909,311,0.744270205066345,0.16666666666666666,0.19416666666666665,0.10583333333333333,0.03814076484947111,0.37524950099800397,0.062111801242236024,0.03863963456604718,0.5208012326656395,1e-20,0.22610141313383209,0.22300469483568075,0.31099430573806397,0.24100719424460432,0.002105263157894737,0.01696969696969697
Vehicle_17,9414909,312,0.1278648974668275,1e-20,0.20148331273176762,0.19082125603864733,0.8374371859296482,0.021794871794871794,0.03942652329749104,0.8207282913165266,0.030816640986132512,1e-20,0.1525974025974026,0.004694835680751174,0.017520805957074025,0.017985611510791366,1e-20,0.017241379310344827
Vehicle_17,9414909,313,0.022598870056497175,1e-20,0.19689119170984457,0.1855072463768116,0.9674124800755652,0.14953271028037382,0.14285714285714285,0.9585474366846567,0.09803921568627451,1e-20,0.10810810810810811,0.0847457627118644,0.06091370558375635,0.05555555555555555,1e-20,1e-20
Vehicle_17,9414909,314,0.07692307692307693,0.001800632736307898,0.11011904761904762,0.07973421926910298,0.9674124800755652,0.2112676056338028,0.23809523809523808,0.9585474366846567,0.1,1e-20,0.11494252873563218,0.02127659574468085,0.17721518987341772,0.05063291139240506,0.011111111111111112,0.009523809523809525
Vehicle_17,9414909,315,0.5355906117737591,1e-20,0.03695150115473441,0.04093567251461988,0.03258751992443474,0.2883435582822086,0.2985781990521327,0.9585474366846567,0.14563106796116504,1e-20,0.1951219512195122,0.04,0.11964285714285715,0.13333333333333333,1e-20,1e-20
Vehicle_17,9414909,316,0.17198922662562524,1e-20,0.14049586776859505,0.14814814814814814,0.8513274336283185,0.35161744022503516,0.32081911262798635,0.9585474366846567,0.16379310344827586,1e-20,0.10810810810810811,0.10526315789473684,0.12224448897795591,0.11467889908256881,0.003963437665248155,0.14285714285714285
Vehicle_17,9414909,317,0.2564632885211996,1e-20,0.0576271186440678,0.057971014492753624,0.9618592351505288,0.33152173913043476,0.31986531986531985,0.9585474366846567,0.06040268456375839,1e-20,0.04367816091954023,0.09352517985611511,0.12224448897795591,0.05138339920948617,1e-20,1e-20
Vehicle_17,9414909,318,0.5054347826086957,1e-20,0.11272727272727273,0.15178571428571427,0.9618592351505288,0.06397774687065369,0.08680555555555555,0.9585474366846567,0.08333333333333333,1e-20,0.05263157894736842,0.11428571428571428,0.10020040080160321,0.17592592592592593,1e-20,1e-20
Vehicle_17,9414909,319,0.5355906117737591,1e-20,0.24894957983193278,0.24835164835164836,0.9618592351505288,0.2564102564102564,0.27450980392156865,0.9585474366846567,0.125,1e-20,0.08633093525179857,0.1111111111111111,0.17636022514071295,0.06338028169014084,0.06666666666666667,0.07407407407407407
Vehicle_17,9414909,320,0.5355906117737591,1e-20,0.24894957983193278,0.24835164835164836,0.9618592351505288,0.15229885057471265,0.15503173164097914,0.9585474366846567,0.18454935622317598,1e-20,0.09606986899563319,0.08849557522123894,0.15467904098994587,0.12605042016806722,0.021052631578947368,0.019933554817275746
Vehicle_17,9414909,321,0.17198922662562524,1e-20,0.24894957983193278,0.24835164835164836,0.9618592351505288,0.09098428453267163,0.09833024118738404,0.9585474366846567,0.13733905579399142,1e-20,0.05314009661835749,0.11458333333333333,0.09412955465587045,0.05263157894736842,0.022727272727272728,0.09574468085106383
Vehicle_17,9414909,322,0.390899689762151,1e-20,0.24894957983193278,0.24835164835164836,0.9618592351505288,0.30341113105924594,0.24444444444444444,0.9585474366846567,0.17777777777777778,1e-20,0.04838709677419355,0.041666666666666664,0.3158660844250364,0.029197080291970802,1e-20,0.06896551724137931
Vehicle_17,9414909,323,0.4741089441829186,0.16666666666666666,0.24894957983193278,0.24835164835164836,0.9618592351505288,0.261558784676354,0.0978120978120978,0.04145256331534326,0.20161290322580644,1e-20,0.09230769230769231,0.09836065573770492,0.30353200883002207,0.06578947368421052,0.013513513513513514,0.04310344827586207
Vehicle_17,9414909,324,0.2609280430396772,1e-20,0.07878151260504201,0.07692307692307693,0.9618592351505288,0.09423076923076923,0.11,0.8008934269304403,0.06451612903225806,1e-20,0.10472972972972973,0.04666666666666667,0.067455102934735,0.04132231404958678,1e-20,1e-20
Vehicle_17,9414909,325,0.5054347826086957,1e-20,0.08118081180811808,0.10569105691056911,0.9618592351505288,0.16420361247947454,0.1888111888111888,0.9613603654339529,0.041666666666666664,1e-20,0.1111111111111111,0.03409090909090909,0.14666666666666667,0.05172413793103448,1e-20,1e-20
Vehicle_17,9414909,326,0.17198922662562524,0.5,0.10759493670886076,0.10989010989010989,0.9618592351505288,0.1447477253928867,0.15121951219512195,0.9613603654339529,0.09803921568627451,1e-20,0.09691629955947137,0.03076923076923077,0.19838056680161945,0.04040404040404041,0.061224489795918366,0.04838709677419355
Vehicle_17,9414909,327,0.390899689762151,0.1111111111111111,0.19791666666666666,0.19858156028368795,0.9618592351505288,0.08427672955974842,0.057971014492753624,0.9613603654339529,0.22033898305084745,1e-20,0.11619718309859155,0.057971014492753624,0.060082304526748974,0.047058823529411764,1e-20,1e-20
Vehicle_17,9414909,328,0.2609280430396772,1e-20,0.02464788732394366,0.03180212014134275,0.9618592351505288,0.18181818181818182,0.17692307692307693,0.9613603654339529,0.06437768240343347,1e-20,0.04477611940298507,0.08163265306122448,0.021621621621621623,0.11494252873563218,1e-20,1e-20
Vehicle_17,9414909,329,0.19782608695652174,0.0029876420261645015,0.10317460317460317,0.09523809523809523,0.9618592351505288,0.2465483234714004,0.2635135135135135,0.9613603654339529,0.1262135922330097,1e-20,0.11627906976744186,0.02040816326530612,0.05232558139534884,0.04597701149425287,1e-20,1e-20
Vehicle_17,9414909,330,0.390899689762151,1e-20,0.18082191780821918,0.1099476439790576,0.9618592351505288,0.24123711340206186,0.23711340206185566,0.9613603654339529,0.09333333333333334,1e-20,0.09119496855345911,1e-20,0.017857142857142856,0.020833333333333332,0.037037037037037035,0.03773584905660377
Vehicle_17,9414909,331,0.4741089441829186,0.1,0.12542372881355932,0.15217391304347827,0.9618592351505288,0.3076923076923077,0.30405405405405406,0.9613603654339529,0.12,1e-20,0.10096153846153846,0.06818181818181818,0.08888888888888889,0.20634920634920634,1e-20,1e-20
Vehicle_17,9414909,332,0.2609280430396772,0.02040816326530612,0.12448132780082988,0.14018691588785046,0.9618592351505288,0.35161744022503516,0.37320574162679426,0.9613603654339529,0.12432432432432433,1e-20,0.05853658536585366,0.0660377358490566,0.07321428571428572,0.0782608695652174,1e-20,1e-20
Vehicle_17,9414909,333,0.5054347826086957,1e-20,0.006134969325153374,0.006172839506172839,0.03814076484947111,0.002717391304347826,0.002364066193853428,0.9613603654339529,1e-20,1e-20,0.13377926421404682,0.02158273381294964,0.007389162561576354,0.039525691699604744,1e-20,1e-20
Vehicle_17,9414909,334,0.005001923816852636,1e-20,0.08888888888888889,0.15384615384615385,0.8374371859296482,0.11764705882352941,0.10714285714285714,0.9613603654339529,1e-20,1e-20,1e-20,1e-20,1e-20,0.012987012987012988,1e-20,1e-20
Vehicle_17,9414909,335,0.0392156862745098,1e-20,0.0967741935483871,0.047619047619047616,0.9674124800755652,0.08928571428571429,0.03333333333333333,0.9613603654339529,0.1,1e-20,0.027777777777777776,0.06666666666666667,1e-20,0.043478260869565216,1e-20,1e-20
Vehicle_17,9414909,336,0.025423728813559324,1e-20,0.07526881720430108,0.0851063829787234,0.9674124800755652,0.01092896174863388,0.011627906976744186,0.9613603654339529,1e-20,1e-20,1e-20,1e-20,0.016666666666666666,1e-20,1e-20,1e-20
Vehicle_17,9414909,337,0.011560693641618497,0.13157894736842105,0.024,0.0273224043715847,0.9674124800755652,0.02702702702702703,1e-20,0.9613603654339529,1e-20,1e-20,0.005050505050505051,1e-20,1e-20,1e-20,0.011111111111111112,0.006666666666666667
Vehicle_17,9414909,338,1e-20,1e-20,0.058823529411764705,0.06451612903225806,0.9674124800755652,0.03571428571428571,1e-20,0.9613603654339529,1e-20,1e-20,1e-20,1e-20,1e-20,1e-20,0.05555555555555555,0.05555555555555555
Vehicle_17,9414909,339,0.1697530864197531,1e-20,0.001876172607879925,0.0020325203252032522,0.9674124800755652,0.15476190476190477,0.14285714285714285,0.9613603654339529,0.06930693069306931,1e-20,1e-20,1e-20,0.03125,1e-20,1e-20,1e-20
Vehicle_17,9414909,340,0.01627906976744186,1e-20,0.014492753623188406,0.03125,0.9674124800755652,0.06153846153846154,0.09090909090909091,0.9613603654339529,0.0784313725490196,1e-20,1e-20,1e-20,1e-20,1e-20,1e-20,1e-20
Vehicle_17,9414909,341,0.17058823529411765,1e-20,1e-20,1e-20,0.9674124800755652,1e-20,1e-20,0.9613603654339529,0.08,1e-20,1e-20,1e-20,1e-20,1e-20,1e-20,1e-20
Vehicle_17,9414909,342,0.10505836575875487,1e-20,1e-20,1e-20,0.9674124800755652,1e-20,0.013511948228539773,0.9613603654339529,1e-20,1e-20,1e-20,1e-20,1e-20,1e-20,1e-20,1e-20
Vehicle_17,9414909,343,0.03139013452914798,0.0025299392915164045,1e-20,1e-20,0.9674124800755652,0.020491803278688523,0.019966722129783693,0.9613603654339529,1e-20,1e-20,1e-20,1e-20,0.0736196319018405,1e-20,0.034482758620689655,0.046511627906976744
Vehicle_17,9414909,344,0.018018018018018018,0.11428571428571428,1e-20,1e-20,0.9674124800755652,0.005434782608695652,0.01,0.9613603654339529,1e-20,1e-20,1e-20,1e-20,0.08333333333333333,1e-20,1e-20,0.029411764705882353
Vehicle_17,9414909,345,1e-20,1e-20,1e-20,1e-20,0.9674124800755652,0.041666666666666664,1e-20,0.9613603654339529,1e-20,1e-20,1e-20,0.0009669377785611764,0.012903225806451613,1e-20,0.09090909090909091,0.038461538461538464
Vehicle_17,9414909,346,0.03888888888888889,1e-20,0.125,0.2,0.9674124800755652,1e-20,1e-20,0.03863963456604718,1e-20,1e-20,1e-20,1e-20,1e-20,1e-20,1e-20,0.02127659574468085
Vehicle_17,9414909,347,0.039473684210526314,0.16666666666666666,0.05263157894736842,0.09090909090909091,0.9674124800755652,0.07692307692307693,0.004532520837005514,0.8207282913165266,1e-20,1e-20,1e-20,0.0012539974315715257,1e-20,0.0010324075239845894,1e-20,1e-20
Vehicle_17,9414909,348,0.03763440860215054,1e-20,1e-20,1e-20,0.9674124800755652,1e-20,1e-20,0.9585474366846567,1e-20,1e-20,1e-20,1e-20,1e-20,1e-20,1e-20,0.030303030303030304
Vehicle_17,9414909,349,0.12727272727272726,1e-20,1e-20,1e-20,0.9674124800755652,1e-20,1e-20,0.9585474366846567,1e-20,1e-20,1e-20,1e-20,1e-20,1e-20,1e-20,0.1111111111111111
Vehicle_17,9414909,350,1e-20,0.0018811079423998712,0.005484350212776673,0.003258378868380631,0.9674124800755652,0.05555555555555555,0.09836065573770492,0.9585474366846567,0.3333333333333333,1e-20,1e-20,0.002361946969506207,0.08333333333333333,1e-20,1e-20,1e-20
Vehicle_17,9414909,351,1e-20,1e-20,1e-20,1e-20,0.9674124800755652,1e-20,1e-20,0.9585474366846567,1e-20,1e-20,1e-20,1e-20,0.043478260869565216,1e-20,1e-20,1e-20
Vehicle_17,9414909,352,0.006514657980456026,1e-20,0.05,0.08333333333333333,0.9674124800755652,1e-20,1e-20,0.9585474366846567,1e-20,1e-20,0.025,1e-20,1e-20,1e-20,1e-20,0.1
Vehicle_17,9414909,353,0.10655737704918032,1e-20,1e-20,1e-20,0.9674124800755652,0.18181818181818182,0.3333333333333333,0.9585474366846567,1e-20,1e-20,0.02040816326530612,1e-20,0.029411764705882353,0.09090909090909091,1e-20,1e-20
Vehicle_17,9414909,354,0.25,0.19047619047619047,1e-20,1e-20,0.9674124800755652,0.125,0.11764705882352941,0.9585474366846567,1e-20,1e-20,0.06779661016949153,1e-20,0.011111111111111112,1e-20,0.017543859649122806,0.017543859649122806
Vehicle_17,9414909,355,0.18604651162790697,0.1,0.08421052631578947,0.04,0.9674124800755652,0.078125,1e-20,0.9585474366846567,0.15,1e-20,0.04878048780487805,1e-20,0.1,0.125,1e-20,0.037037037037037035
Vehicle_17,9414909,356,0.3008849557522124,0.025,0.07169811320754717,0.0664819944598338,0.9674124800755652,0.08559782608695653,0.07407407407407407,0.9585474366846567,0.15654952076677317,1e-20,0.03225806451612903,0.012048192771084338,0.12277580071174377,0.041237113402061855,1e-20,0.0030120481927710845
Vehicle_17,9414909,357,0.4759036144578313,0.1111111111111111,0.005649717514124294,0.005154639175257732,0.9674124800755652,0.11934156378600823,0.11165048543689321,0.9585474366846567,1e-20,1e-20,1e-20,0.05434782608695652,0.075046904315197,0.013513513513513514,1e-20,0.047619047619047616
Vehicle_17,9414909,358,0.0047169811320754715,1e-20,1e-20,1e-20,0.9674124800755652,0.23026315789473684,0.13253012048192772,0.04145256331534326,1e-20,1e-20,1e-20,1e-20,0.20209580838323354,1e-20,1e-20,1e-20
Vehicle_17,9414909,359,0.08080808080808081,1e-20,1e-20,1e-20,0.9674124800755652,0.09423076923076923,0.11,0.8008934269304403,1e-20,1e-20,1e-20,1e-20,0.067455102934735,1e-20,0.09090909090909091,0.1522633744855967
Vehicle_17,9414909,360,1e-20,0.1875,1e-20,0.0016266713670586457,0.9674124800755652,0.11986863711001643,0.12937062937062938,0.9613603654339529,1e-20,1e-20,1e-20,1e-20,0.06166666666666667,1e-20,0.16981132075471697,0.12167300380228137
Vehicle_17,9414909,361,1e-20,0.09090909090909091,0.0035706191927076776,0.0019086948858056557,0.9674124800755652,0.07628865979381444,0.07024793388429752,0.9613603654339529,1e-20,1e-20,1e-20,1e-20,0.13157894736842105,1e-20,0.0915032679738562,0.0670926517571885
Vehicle_17,9414909,362,0.08955223880597014,1e-20,1e-20,1e-20,0.9674124800755652,0.03909465020576132,1e-20,0.03863963456604718,1e-20,1e-20,0.3333333333333333,1e-20,0.039399624765478425,1e-20,0.03333333333333333,0.13186813186813187
Vehicle_17,9414909,363,0.04054054054054054,1e-20,1e-20,1e-20,0.9674124800755652,0.006185567010309278,0.1,0.8207282913165266,1e-20,1e-20,0.16666666666666666,1e-20,0.0037593984962406013,1e-20,1e-20,0.003703703703703704
Vehicle_17,9414909,364,0.07142857142857142,1e-20,1e-20,1e-20,0.9674124800755652,1e-20,1e-20,0.9585474366846567,0.1111111111111111,1e-20,1e-20,1e-20,1e-20,1e-20,1e-20,1e-20
Vehicle_17,9414909,365,0.07407407407407407,1e-20,1e-20,1e-20,0.9674124800755652,1e-20,1e-20,0.9585474366846567,1e-20,1e-20,1e-20,1e-20,0.2,0.25,1e-20,1e-20
Vehicle_17,9414909,366,0.04,1e-20,0.11538461538461539,0.12121212121212122,0.9674124800755652,0.030303030303030304,0.08333333333333333,0.9585474366846567,0.07272727272727272,1e-20,1e-20,0.125,1e-20,1e-20,1e-20,1e-20
Vehicle_17,9414909,367,0.18691588785046728,0.25,1e-20,1e-20,0.9674124800755652,0.16666666666666666,1e-20,0.9585474366846567,1e-20,1e-20,1e-20,1e-20,1e-20,1e-20,1e-20,0.09090909090909091
Vehicle_17,9414909,368,0.00881057268722467,1e-20,1e-20,1e-20,0.9674124800755652,1e-20,1e-20,0.9585474366846567,1e-20,1e-20,0.038461538461538464,1e-20,1e-20,1e-20,1e-20,0.011235955056179775
Vehicle_17,9414909,369,0.03260869565217391,1e-20,1e-20,1e-20,0.9674124800755652,1e-20,1e-20,0.04145256331534326,1e-20,1e-20,1e-20,1e-20,0.037037037037037035,1e-20,1e-20,1e-20
Vehicle_17,9414909,370,0.012096774193548387,1e-20,0.2,1e-20,0.9674124800755652,0.17142857142857143,1e-20,0.8008934269304403,0.008918993780374185,1e-20,0.3333333333333333,1e-20,0.046511627906976744,1e-20,0.010777327323546446,1e-20
Vehicle_17,9414909,371,0.21621621621621623,1e-20,0.1787709497206704,0.16374269005847952,0.9674124800755652,0.19006849315068494,0.20447284345047922,0.9613603654339529,0.17293233082706766,1e-20,0.12844036697247707,0.047619047619047616,0.019762845849802372,0.047058823529411764,0.03333333333333333,0.029850746268656716
Vehicle_17,9414909,372,0.3008849557522124,1e-20,0.20675944333996024,0.20502092050209206,0.9674124800755652,0.16099476439790575,0.162227602905569,0.9613603654339529,0.11857707509881422,1e-20,0.0891089108910891,0.06666666666666667,0.125,0.10869565217391304,1e-20,0.01282051282051282
Vehicle_17,9414909,373,0.13855421686746988,0.2,0.12184873949579832,0.11570247933884298,0.9674124800755652,0.08957055214723926,0.11060948081264109,0.9613603654339529,0.03,1e-20,0.08290155440414508,0.027777777777777776,0.05511811023622047,0.04597701149425287,0.02040816326530612,0.0660377358490566
Vehicle_17,9414909,374,0.2529498525073746,0.1,0.01056338028169014,0.01098901098901099,0.9674124800755652,1e-20,1e-20,0.9613603654339529,1e-20,1e-20,0.011904761904761904,1e-20,0.006688963210702341,0.004672897196261682,0.075,0.11578947368421053
Vehicle_17,9414909,375,0.0021398002853067048,1e-20,1e-20,1e-20,0.9674124800755652,0.08,1e-20,0.9613603654339529,0.007337647621685594,1e-20,0.07142857142857142,1e-20,1e-20,1e-20,1e-20,0.03488372093023256
Vehicle_17,9414909,376,0.045454545454545456,1e-20,1e-20,1e-20,0.9674124800755652,1e-20,1e-20,0.9613603654339529,1e-20,1e-20,0.012048192771084338,1e-20,0.038461538461538464,1e-20,1e-20,0.045454545454545456
Vehicle_17,9414909,377,0.04081632653061224,1e-20,0.03333333333333333,0.02631578947368421,0.9674124800755652,0.08928571428571429,0.07407407407407407,0.9613603654339529,0.02197802197802198,1e-20,0.04,1e-20,1e-20,1e-20,1e-20,1e-20
Vehicle_17,9414909,378,0.11176470588235295,1e-20,0.008064516129032258,1e-20,0.9674124800755652,0.04081632653061224,0.04186046511627907,0.9613603654339529,1e-20,1e-20,1e-20,1e-20,1e-20,1e-20,1e-20,1e-20
Vehicle_17,9414909,379,0.016824395373291272,1e-20,1e-20,1e-20,0.9674124800755652,1e-20,1e-20,0.9613603654339529,1e-20,1e-20,1e-20,0.25,1e-20,0.125,1e-20,1e-20
Vehicle_17,9414909,380,0.18243243243243243,1e-20,1e-20,1e-20,0.9674124800755652,0.07142857142857142,1e-20,0.9613603654339529,1e-20,1e-20,1e-20,1e-20,1e-20,0.10526315789473684,1e-20,1e-20
Vehicle_17,9414909,381,0.026865671641791045,1e-20,1e-20,1e-20,0.9674124800755652,0.030303030303030304,1e-20,0.9613603654339529,1e-20,1e-20,1e-20,1e-20,1e-20,0.05263157894736842,0.0077455744970160905,1e-20
Vehicle_17,9414909,382,0.09009009009009009,0.0030127905280682428,0.06451612903225806,0.05,0.9674124800755652,0.03225806451612903,0.06666666666666667,0.9613603654339529,0.009433962264150943,1e-20,1e-20,1e-20,1e-20,1e-20,1e-20,0.25
Vehicle_17,9414909,383,0.017873941674506115,0.002937345022357018,0.016666666666666666,0.02631578947368421,0.9674124800755652,0.0016863406408094434,0.0035460992907801418,0.9613603654339529,0.06451612903225806,1e-20,0.05,1e-20,0.01694915254237288,0.18181818181818182,1e-20,0.017241379310344827
Vehicle_17,9414909,384,0.05357142857142857,1e-20,0.06666666666666667,0.04,0.9674124800755652,0.08823529411764706,0.10810810810810811,0.9613603654339529,0.125,1e-20,0.09045226130653267,0.05263157894736842,0.11764705882352941,0.08108108108108109,0.03225806451612903,0.09803921568627451
Vehicle_17,9414909,385,0.21495327102803738,1e-20,0.036585365853658534,0.0625,0.9674124800755652,0.10623556581986143,0.12393162393162394,0.9613603654339529,1e-20,1e-20,0.04477611940298507,0.05333333333333334,0.11439114391143912,0.05660377358490566,0.23376623376623376,0.22258064516129034
Vehicle_17,9414909,386,0.19545454545454546,0.061224489795918366,0.08299595141700405,0.07119741100323625,0.9674124800755652,0.33152173913043476,0.35224586288416077,0.9613603654339529,0.0448,1e-20,0.007874015748031496,1e-20,0.08571428571428572,1e-20,0.07792207792207792,0.06129032258064516
Vehicle_17,9414909,387,0.19321533923303835,0.21621621621621623,1e-20,1e-20,0.9674124800755652,0.02086230876216968,0.018561484918793503,0.9613603654339529,1e-20,1e-20,0.015151515151515152,1e-20,0.013636363636363636,1e-20,0.10810810810810811,0.12213740458015267
Vehicle_17,9414909,388,0.017142857142857144,1e-20,1e-20,1e-20,0.9674124800755652,0.0125,0.025,0.9613603654339529,1e-20,1e-20,0.043478260869565216,1e-20,0.01818181818181818,0.125,0.006097560975609756,0.006734006734006734
Vehicle_17,9414909,389,0.025423728813559324,1e-20,0.09090909090909091,0.18181818181818182,0.9674124800755652,0.043010752688172046,0.05660377358490566,0.9613603654339529,0.16666666666666666,1e-20,1e-20,1e-20,0.10810810810810811,1e-20,1e-20,1e-20
Vehicle_17,9414909,390,0.1388888888888889,1e-20,1e-20,1e-20,0.9674124800755652,1e-20,1e-20,0.9613603654339529,1e-20,1e-20,1e-20,1e-20,1e-20,1e-20,1e-20,0.043478260869565216
Vehicle_17,9414909,391,0.09836065573770492,1e-20,0.09523809523809523,0.08333333333333333,0.9674124800755652,1e-20,1e-20,0.9613603654339529,0.14285714285714285,1e-20,0.1111111111111111,0.125,0.037037037037037035,1e-20,1e-20,1e-20
Vehicle_17,9414909,392,0.08333333333333333,1e-20,0.16,0.07142857142857142,0.9674124800755652,1e-20,1e-20,0.9613603654339529,1e-20,1e-20,1e-20,1e-20,0.05714285714285714,1e-20,1e-20,1e-20
Vehicle_17,9414909,393,0.15254237288135594,1e-20,1e-20,1e-20,0.9674124800755652,1e-20,1e-20,0.03863963456604718,0.08333333333333333,1e-20,1e-20,1e-20,1e-20,1e-20,1e-20,0.003424657534246575
Vehicle_17,9414909,394,0.1118421052631579,1e-20,0.08333333333333333,0.05,0.9674124800755652,1e-20,0.005459169541459976,0.8207282913165266,1e-20,1e-20,1e-20,1e-20,1e-20,1e-20,1e-20,1e-20
Vehicle_17,9414909,395,0.0371900826446281,0.0026707709021773574,0.17647058823529413,0.1111111111111111,0.9674124800755652,1e-20,1e-20,0.9585474366846567,1e-20,1e-20,1e-20,0.0013396117140482965,0.012096794500541384,0.001344647848311636,1e-20,1e-20
Vehicle_17,9414909,396,0.16666666666666666,0.07692307692307693,0.10714285714285714,0.10526315789473684,0.9674124800755652,1e-20,1e-20,0.9585474366846567,1e-20,1e-20,0.0010122629869312315,1e-20,0.025,1e-20,0.028037383177570093,0.04296875
Vehicle_17,9414909,397,0.14358974358974358,1e-20,1e-20,1e-20,0.9674124800755652,0.05405405405405406,0.041666666666666664,0.9585474366846567,0.06666666666666667,1e-20,0.0014957318762118198,0.0009467932415078185,0.11290322580645161,0.0007806008108176164,0.08888888888888889,0.0782608695652174
Vehicle_17,9414909,398,0.055248618784530384,1e-20,1e-20,1e-20,0.9674124800755652,1e-20,1e-20,0.9585474366846567,1e-20,1e-20,0.0012137083574648101,0.00047843275501724874,1e-20,1e-20,0.022727272727272728,0.00975609756097561
Vehicle_17,9414909,399,0.008064516129032258,1e-20,1e-20,0.001737466320852114,0.9674124800755652,1e-20,1e-20,0.9585474366846567,1e-20,1e-20,1e-20,0.0015813461586885907,1e-20,0.0015259486817918565,1e-20,1e-20
Vehicle_17,9414909,400,0.11428571428571428,1e-20,1e-20,1e-20,0.9674124800755652,0.07329842931937172,0.06315789473684211,0.9585474366846567,1e-20,1e-20,1e-20,0.009976581975675471,1e-20,0.008626897993100496,0.034482758620689655,0.01694915254237288
Vehicle_17,9414909,401,0.125,0.125,1e-20,1e-20,0.9674124800755652,1e-20,1e-20,0.9585474366846567,1e-20,1e-20,5.03613426333945e-06,1e-20,1e-20,1e-20,1e-20,1e-20
Vehicle_17,9414909,402,0.05357142857142857,1e-20,1e-20,1e-20,0.9674124800755652,1e-20,0.020099211844987787,0.04145256331534326,1e-20,1e-20,0.0008359982877143505,0.0002568428474303125,0.004693677133432377,8.057814821343136e-05,1e-20,1e-20
Vehicle_17,9414909,403,1e-20,1.0,1e-20,1e-20,0.9674124800755652,1e-20,1e-20,0.8008934269304403,0.010283786165739179,1e-20,0.00233173016392617,1.0072268526678911e-05,1e-20,1e-20,0.004487195628635459,1e-20
Vehicle_17,9414909,404,0.04285807694435642,1e-20,1e-20,1e-20,0.03258751992443474,1e-20,1e-20,0.9613603654339529,1e-20,1e-20,0.020295621081258028,0.003761992294714577,0.006108830861430766,0.0032080175257472366,0.003595799864024375,0.00719159972804875
Vehicle_17,9414909,405,0.0008984725965858042,0.002791483711315317,0.17117117117117117,0.10909090909090909,0.8513274336283185,0.2,0.5,0.9613603654339529,1e-20,1e-20,0.011885276861481128,0.004597990582428928,0.008158537506609926,0.0039181124568781,1e-20,0.06666666666666667
Vehicle_17,9414909,406,0.06451612903225806,0.3333333333333333,1e-20,1e-20,0.03814076484947111,0.019230769230769232,0.034482758620689655,0.9613603654339529,1e-20,1e-20,0.0031645569620253164,1e-20,1e-20,0.07142857142857142,1e-20,1e-20
Vehicle_17,9414909,407,0.06896551724137931,1e-20,0.3333333333333333,0.5,0.8374371859296482,0.027777777777777776,0.07142857142857142,0.9613603654339529,0.09210526315789473,1e-20,1e-20,0.03571428571428571,1e-20,1e-20,0.004210208244151789,1e-20
Vehicle_17,9414909,408,0.17903225806451614,1e-20,1e-20,1e-20,0.03258751992443474,1e-20,1e-20,0.9613603654339529,1e-20,1e-20,1e-20,1e-20,0.02127659574468085,1e-20,1e-20,1e-20
Vehicle_17,9414909,409,0.0015455950540958269,1e-20,0.05,0.1111111111111111,0.8513274336283185,0.05405405405405406,1e-20,0.9613603654339529,1e-20,1e-20,0.07142857142857142,1e-20,0.0625,1e-20,1e-20,1e-20
Vehicle_17,9414909,410,0.046511627906976744,0.001971642549253341,0.03636363636363636,0.034482758620689655,0.9618592351505288,0.24761904761904763,0.25925925925925924,0.9613603654339529,0.096,1e-20,1e-20,0.10465116279069768,0.09202453987730061,0.045454545454545456,1e-20,1e-20
Vehicle_17,9414909,411,0.15555555555555556,1e-20,0.14414414414414414,0.0273972602739726,0.03814076484947111,0.05227655986509275,0.03900709219858156,0.9613603654339529,0.09375,1e-20,0.029411764705882353,0.07079646017699115,0.18596491228070175,0.08571428571428572,0.14285714285714285,0.06666666666666667
Vehicle_17,9414909,412,0.4921711899791232,1e-20,0.004618937644341801,0.02,0.8374371859296482,0.041044776119402986,0.06060606060606061,0.9613603654339529,1e-20,1e-20,0.012987012987012988,1e-20,0.010526315789473684,0.014084507042253521,1e-20,1e-20
Vehicle_17,9414909,413,0.0010962508221881166,0.16666666666666666,0.08333333333333333,0.1111111111111111,0.9674124800755652,0.012345679012345678,1e-20,0.9613603654339529,1e-20,1e-20,0.1,1e-20,0.05263157894736842,1e-20,1e-20,1e-20
Vehicle_17,9414909,414,0.06666666666666667,1e-20,0.06666666666666667,0.10714285714285714,0.9674124800755652,0.05263157894736842,1e-20,0.9613603654339529,1e-20,1e-20,0.005917159763313609,1e-20,0.04,0.14285714285714285,0.0125,0.014492753623188406
Vehicle_17,9414909,415,0.041666666666666664,1e-20,0.038461538461538464,1e-20,0.9674124800755652,1e-20,1e-20,0.9613603654339529,1e-20,1e-20,1e-20,1e-20,0.02702702702702703,1e-20,1e-20,1e-20
Vehicle_17,9414909,416,0.007936507936507936,1e-20,0.17391304347826086,0.25,0.9674124800755652,1e-20,1e-20,0.9613603654339529,0.03225806451612903,1e-20,1e-20,1e-20,1e-20,1e-20,1e-20,1e-20
Vehicle_17,9414909,417,0.10465116279069768,1e-20,0.07142857142857142,0.06666666666666667,0.9674124800755652,0.17857142857142858,0.13114754098360656,0.9613603654339529,0.045454545454545456,1e-20,0.038461538461538464,1e-20,0.06,1e-20,0.05357142857142857,0.02631578947368421
Vehicle_17,9414909,418,0.024193548387096774,1e-20,1e-20,1e-20,0.9674124800755652,1e-20,1e-20,0.9613603654339529,1e-20,1e-20,0.04672897196261682,0.06666666666666667,0.022222222222222223,1e-20,1e-20,0.02
Vehicle_17,9414909,419,1e-20,0.13333333333333333,0.09523809523809523,0.125,0.9674124800755652,1e-20,1e-20,0.9613603654339529,1e-20,1e-20,1e-20,1e-20,1e-20,1e-20,1e-20,1e-20
Vehicle_17,9414909,420,1e-20,1e-20,1e-20,1e-20,0.9674124800755652,0.1,0.25,0.9613603654339529,1e-20,1e-20,1e-20,1e-20,1e-20,1e-20,1e-20,1e-20
Vehicle_17,9414909,421,1e-20,1e-20,1e-20,1e-20,0.9674124800755652,1e-20,1e-20,0.9613603654339529,1e-20,1e-20,1e-20,1e-20,1e-20,1e-20,1e-20,0.09090909090909091
Vehicle_17,9414909,422,0.02023121387283237,1e-20,0.08823529411764706,0.0625,0.9674124800755652,0.047619047619047616,0.08333333333333333,0.9613603654339529,1e-20,1e-20,1e-20,1e-20,1e-20,1e-20,0.0625,0.08333333333333333
Vehicle_17,9414909,423,1e-20,0.2,1e-20,1e-20,0.9674124800755652,0.06666666666666667,0.045454545454545456,0.9613603654339529,0.1111111111111111,1e-20,1e-20,1e-20,1e-20,1e-20,0.12643678160919541,0.12323943661971831
Vehicle_17,9414909,424,0.11363636363636363,1e-20,1e-20,1e-20,0.9674124800755652,0.023809523809523808,0.058823529411764705,0.9613603654339529,1e-20,1e-20,1e-20,0.0013547201168383149,1e-20,1e-20,1e-20,1e-20
Vehicle_17,9414909,425,0.047619047619047616,1e-20,1e-20,1e-20,0.9674124800755652,0.058823529411764705,1e-20,0.9613603654339529,1e-20,1e-20,0.125,1e-20,1e-20,1e-20,1e-20,1e-20
Vehicle_17,9414909,426,0.028985507246376812,1e-20,0.14285714285714285,0.25,0.9674124800755652,0.25,1e-20,0.9613603654339529,1e-20,1e-20,1e-20,1e-20,1e-20,1e-20,1e-20,1e-20
Vehicle_17,9414909,427,0.09615384615384616,1e-20,1e-20,1e-20,0.9674124800755652,0.013157894736842105,1e-20,0.9613603654339529,1e-20,1e-20,1e-20,1e-20,0.028089887640449437,1e-20,1e-20,0.013888888888888888
Vehicle_17,9414909,428,1e-20,1e-20,0.01818181818181818,1e-20,0.9674124800755652,1e-20,1e-20,0.9613603654339529,1e-20,1e-20,1e-20,1e-20,1e-20,0.0006144083801274142,1e-20,1e-20
Vehicle_17,9414909,429,0.14583333333333334,1e-20,0.1111111111111111,1e-20,0.9674124800755652,1e-20,1e-20,0.9613603654339529,1e-20,1e-20,0.00233173016392617,0.001913731020068995,1e-20,1e-20,0.006172839506172839,0.009966777408637873
Vehicle_17,9414909,430,0.016666666666666666,1e-20,1e-20,1e-20,0.9674124800755652,0.16666666666666666,1e-20,0.03863963456604718,1e-20,1e-20,1e-20,1e-20,1e-20,1e-20,1e-20,1e-20
Vehicle_17,9414909,431,0.19607843137254902,1e-20,1e-20,1e-20,0.9674124800755652,1e-20,0.009221161836174552,0.8207282913165266,1e-20,1e-20,1e-20,1e-20,0.021621621621621623,1e-20,1e-20,1e-20
Vehicle_17,9414909,432,0.16666666666666666,0.5,0.2,0.3333333333333333,0.9674124800755652,1e-20,1e-20,0.9585474366846567,0.05555555555555555,1e-20,0.0625,1e-20,0.2608695652173913,1e-20,1e-20,1e-20
Vehicle_17,9414909,433,0.1276595744680851,1e-20,1e-20,1e-20,0.9674124800755652,1e-20,1e-20,0.9585474366846567,1e-20,1e-20,0.09090909090909091,1e-20,1e-20,1e-20,1e-20,1e-20
Vehicle_17,9414909,434,0.11578947368421053,1e-20,0.1111111111111111,0.13333333333333333,0.9674124800755652,0.25,0.42857142857142855,0.9585474366846567,0.14285714285714285,1e-20,0.05,1e-20,0.013157894736842105,1e-20,1e-20,0.08333333333333333
Vehicle_17,9414909,435,0.0625,1e-20,0.11320754716981132,0.09375,0.9674124800755652,0.030612244897959183,0.024390243902439025,0.04145256331534326,1e-20,1e-20,0.06521739130434782,0.04,0.05333333333333334,1e-20,0.017241379310344827,0.009345794392523364
Vehicle_17,9414909,436,0.001896633475580844,1e-20,0.0967741935483871,0.08333333333333333,0.9674124800755652,0.04918032786885246,0.030303030303030304,0.8008934269304403,0.038461538461538464,1e-20,0.028985507246376812,0.047619047619047616,0.07142857142857142,0.041666666666666664,1e-20,0.07142857142857142
Vehicle_17,9414909,437,0.08333333333333333,0.002791483711315317,1e-20,1e-20,0.9674124800755652,0.002976190476190476,1e-20,0.9613603654339529,1e-20,1e-20,0.05084745762711865,1e-20,0.003861003861003861,0.014285714285714285,1e-20,1e-20
Vehicle_17,9414909,438,0.0014749262536873156,0.0027965134116960653,1e-20,1e-20,0.9674124800755652,1e-20,1e-20,0.9613603654339529,1.0,1e-20,1e-20,1e-20,1e-20,1e-20,1e-20,1e-20
Vehicle_17,9414909,439,0.09090909090909091,1e-20,1e-20,1e-20,0.9674124800755652,1e-20,1e-20,0.9613603654339529,1e-20,1e-20,1e-20,1e-20,0.06896551724137931,1e-20,1e-20,1e-20
Vehicle_17,9414909,440,0.018867924528301886,1e-20,0.027777777777777776,1e-20,0.9674124800755652,1e-20,1e-20,0.9613603654339529,1e-20,1e-20,1e-20,1e-20,0.04081632653061224,1e-20,1e-20,1e-20
Vehicle_17,9414909,441,0.22340425531914893,1e-20,1e-20,1e-20,0.9674124800755652,1e-20,1e-20,0.9613603654339529,1e-20,1e-20,1e-20,1e-20,1e-20,1e-20,0.15384615384615385,0.07407407407407407
Vehicle_17,9414909,442,0.03977272727272727,1e-20,1e-20,1e-20,0.9674124800755652,1e-20,1e-20,0.9613603654339529,1e-20,1e-20,1e-20,1e-20,1e-20,1e-20,1e-20,1e-20
Vehicle_17,9414909,443,0.005780346820809248,1e-20,0.1111111111111111,0.25,0.9674124800755652,1e-20,1e-20,0.9613603654339529,0.16666666666666666,1e-20,1e-20,1e-20,1e-20,1e-20,1e-20,1e-20
Vehicle_17,9414909,444,0.10638297872340426,1e-20,1e-20,1e-20,0.9674124800755652,1e-20,1e-20,0.9613603654339529,1e-20,1e-20,1e-20,0.0006748419912874878,1e-20,1e-20,0.05263157894736842,0.08737864077669903
Vehicle_17,9414909,445,0.11428571428571428,1e-20,1e-20,1e-20,0.9674124800755652,1e-20,1e-20,0.9613603654339529,0.5,1e-20,0.0018432251403822425,0.0008913957646110845,1e-20,1e-20,0.0051813471502590676,0.0030120481927710845
Vehicle_17,9414909,446,0.22727272727272727,0.05263157894736842,1e-20,1e-20,0.9674124800755652,1e-20,1e-20,0.9613603654339529,1e-20,1e-20,1e-20,1e-20,1e-20,1e-20,1e-20,0.05
Vehicle_17,9414909,447,0.189873417721519,1e-20,1e-20,1e-20,0.9674124800755652,1e-20,1e-20,0.9613603654339529,1e-20,1e-20,0.0008662150932943872,0.0004885050235439276,1e-20,0.00037771006975045955,1e-20,1e-20
Vehicle_17,9414909,448,0.035211267605633804,1e-20,1e-20,1e-20,0.9674124800755652,0.0625,1e-20,0.03863963456604718,1e-20,1e-20,0.0018432251403822425,1e-20,1e-20,0.0007302394681842218,1e-20,0.07894736842105263
Vehicle_17,9414909,449,0.012048192771084338,1e-20,1e-20,1e-20,0.9674124800755652,0.18181818181818182,0.005459169541459976,0.8207282913165266,0.5,1e-20,1e-20,0.0015561654873718933,0.058823529411764705,1e-20,1e-20,0.012048192771084338
Vehicle_17,9414909,450,0.29411764705882354,1e-20,0.003434643567597512,0.001858333543172261,0.9674124800755652,1e-20,1e-20,0.9585474366846567,1e-20,1e-20,1e-20,1e-20,1e-20,1e-20,0.1111111111111111,0.05714285714285714
Vehicle_17,9414909,451,0.0625,1e-20,0.1111111111111111,1e-20,0.9674124800755652,1e-20,1e-20,0.9585474366846567,0.3,1e-20,1e-20,1e-20,1e-20,1.0,1e-20,1e-20
Vehicle_17,9414909,452,0.125,1e-20,0.0967741935483871,0.06666666666666667,0.9674124800755652,1e-20,1e-20,0.04145256331534326,1e-20,1e-20,1e-20,1e-20,1e-20,1e-20,0.125,0.05
Vehicle_17,9414909,453,0.13548387096774195,1e-20,0.045454545454545456,0.09090909090909091,0.9674124800755652,0.11764705882352941,0.125,0.8008934269304403,1e-20,1e-20,1e-20,1e-20,0.024489795918367346,1e-20,0.09803921568627451,0.03197674418604651
Vehicle_17,9414909,454,0.09022556390977443,1e-20,1e-20,1e-20,0.9674124800755652,1e-20,1e-20,0.9613603654339529,1e-20,1e-20,1e-20,1e-20,0.005263157894736842,1e-20,1e-20,1e-20
Vehicle_17,9414909,455,0.1686746987951807,1e-20,1e-20,1e-20,0.9674124800755652,0.06666666666666667,0.125,0.9613603654339529,1e-20,1e-20,1e-20,1e-20,1e-20,1e-20,1e-20,1e-20
Vehicle_17,9414909,456,0.011363636363636364,1e-20,0.03333333333333333,0.03125,0.9674124800755652,1e-20,1e-20,0.9613603654339529,0.02702702702702703,1e-20,1e-20,1e-20,1e-20,0.058823529411764705,1e-20,1e-20
Vehicle_17,9414909,457,0.013888888888888888,1e-20,0.04825737265415549,0.0375,0.9674124800755652,1e-20,1e-20,0.9613603654339529,1e-20,1e-20,0.08695652173913043,1e-20,0.016129032258064516,0.0625,0.09090909090909091,0.034482758620689655
Vehicle_17,9414909,458,1e-20,1e-20,1e-20,1e-20,0.9674124800755652,1e-20,1e-20,0.9613603654339529,1e-20,1e-20,1e-20,1e-20,1e-20,1e-20,0.1111111111111111,0.08108108108108109
Vehicle_17,9414909,459,1e-20,0.17857142857142858,1e-20,1e-20,0.9674124800755652,1e-20,1e-20,0.9613603654339529,1e-20,1e-20,1e-20,1e-20,0.14285714285714285,1e-20,1e-20,1e-20
Vehicle_17,9414909,460,1e-20,1e-20,1e-20,1e-20,0.9674124800755652,0.06896551724137931,0.07142857142857142,0.9613603654339529,1e-20,1e-20,1e-20,1e-20,0.07142857142857142,1e-20,1e-20,1e-20
Vehicle_17,9414909,461,0.08235294117647059,1e-20,1e-20,1e-20,0.9674124800755652,1e-20,1e-20,0.9613603654339529,1e-20,1e-20,1e-20,1e-20,1e-20,1e-20,1e-20,1e-20
Vehicle_17,9414909,462,0.19642857142857142,1e-20,0.2,1e-20,0.9674124800755652,1e-20,1e-20,0.9613603654339529,0.125,1e-20,1e-20,0.0002568428474303125,1e-20,6.043361116007352e-05,1e-20,0.012396694214876033
Vehicle_17,9414909,463,0.25,1e-20,1e-20,1e-20,0.9674124800755652,1e-20,1e-20,0.9613603654339529,1e-20,1e-20,0.0006194445143907537,0.0004381436809105331,1e-20,0.00021151763906025734,1e-20,0.05263157894736842
Vehicle_17,9414909,464,0.15789473684210525,1e-20,0.0010978772694080023,0.0005539747689673407,0.9674124800755652,0.2,0.14285714285714285,0.9613603654339529,1e-20,1e-20,1e-20,0.000644625185707451,1e-20,0.0004582882179638909,1e-20,0.022222222222222223
Vehicle_17,9414909,465,1e-20,1e-20,1e-20,1e-20,0.9674124800755652,0.16666666666666666,0.3333333333333333,0.03863963456604718,1e-20,1e-20,1e-20,1e-20,1e-20,0.00040289074106715684,0.05263157894736842,0.07792207792207792
Vehicle_17,9414909,466,1e-20,0.14285714285714285,1e-20,1e-20,0.9674124800755652,1e-20,1e-20,0.8207282913165266,1e-20,1e-20,1e-20,1e-20,0.058823529411764705,1e-20,0.3076923076923077,0.1044776119402985
Vehicle_17,9414909,467,0.07142857142857142,1e-20,1e-20,1e-20,0.9674124800755652,1e-20,1e-20,0.04145256331534326,1e-20,1e-20,1e-20,1e-20,1e-20,0.0010726965980913052,1e-20,0.011406844106463879
Vehicle_17,9414909,468,0.07692307692307693,1e-20,1e-20,1e-20,0.9674124800755652,0.05263157894736842,1e-20,0.8008934269304403,1e-20,1e-20,1e-20,0.002437488983456299,1e-20,0.0023871276408229045,1e-20,0.028169014084507043
Vehicle_17,9414909,469,0.027586206896551724,1e-20,1e-20,1e-20,0.9674124800755652,0.1,0.08333333333333333,0.9613603654339529,1e-20,1e-20,1e-20,1e-20,0.02127659574468085,1e-20,1e-20,1e-20
Vehicle_17,9414909,470,1e-20,1e-20,1e-20,1e-20,0.9674124800755652,1e-20,1e-20,0.9613603654339529,0.2222222222222222,1e-20,1e-20,1e-20,1e-20,1e-20,0.10344827586206896,0.09482758620689655
Vehicle_17,9414909,471,0.16666666666666666,0.14285714285714285,1e-20,1e-20,0.9674124800755652,1e-20,1e-20,0.9613603654339529,1e-20,1e-20,1e-20,1e-20,0.02631578947368421,1e-20,0.1271186440677966,0.11504424778761062
Vehicle_17,9414909,472,0.010869565217391304,0.1,1e-20,1e-20,0.9674124800755652,0.058823529411764705,1e-20,0.9613603654339529,1e-20,1e-20,1e-20,1e-20,1e-20,1e-20,0.18439716312056736,0.13333333333333333
Vehicle_17,9414909,473,0.1388888888888889,0.1276595744680851,1e-20,1e-20,0.9674124800755652,0.017857142857142856,1e-20,0.9613603654339529,1e-20,1e-20,1e-20,1e-20,0.05555555555555555,1e-20,0.005,0.0027624309392265192
Vehicle_17,9414909,474,0.1111111111111111,1e-20,1e-20,1e-20,0.9674124800755652,0.03529411764705882,1e-20,0.9613603654339529,1e-20,1e-20,1e-20,1e-20,0.021739130434782608,1e-20,1e-20,1e-20
Vehicle_17,9414909,475,0.1282051282051282,1e-20,1e-20,0.003530330118600962,0.03258751992443474,0.07142857142857142,0.125,0.9613603654339529,1e-20,1e-20,1e-20,1e-20,1e-20,1e-20,0.004527484702742175,1e-20
Vehicle_17,9414909,476,0.006756756756756757,0.002861899516645793,1e-20,0.0009115403016644424,0.8513274336283185,0.046511627906976744,0.06557377049180328,0.9613603654339529,0.125,1e-20,1e-20,1e-20,1e-20,1e-20,1e-20,1e-20
Vehicle_17,9414909,477,0.16981132075471697,0.003158651839109944,1e-20,1e-20,0.9618592351505288,1e-20,1e-20,0.9613603654339529,1e-20,1e-20,1e-20,1e-20,1e-20,1e-20,1e-20,1e-20
Vehicle_17,9414909,478,0.10526315789473684,1e-20,1e-20,1e-20,0.9618592351505288,1e-20,1e-20,0.9613603654339529,0.16666666666666666,1e-20,1e-20,0.0005237579633873039,1e-20,0.0003223125928537255,0.043478260869565216,0.022222222222222223
Vehicle_17,9414909,479,0.2,1e-20,1e-20,1e-20,0.9618592351505288,1e-20,1e-20,0.9613603654339529,1e-20,1e-20,1e-20,0.0008913957646110845,0.1,0.0006144083801274142,0.09230769230769231,0.07547169811320754
Vehicle_17,9414909,480,0.1724137931034483,1e-20,1e-20,1e-20,0.9618592351505288,0.14285714285714285,0.3333333333333333,0.9613603654339529,1e-20,1e-20,1e-20,1e-20,1e-20,1e-20,0.058823529411764705,0.030303030303030304
Vehicle_17,9414909,481,0.24390243902439024,1e-20,1e-20,1e-20,0.9618592351505288,1e-20,1e-20,0.9613603654339529,0.2,1e-20,1e-20,1e-20,1e-20,1e-20,0.10416666666666667,0.08433734939759036
Vehicle_17,9414909,482,0.08771929824561403,1e-20,1e-20,1e-20,0.9618592351505288,0.0625,0.07142857142857142,0.9613603654339529,1e-20,1e-20,0.0008359982877143505,0.00022662604185027572,1e-20,2.0144537053357832e-05,0.02564102564102564,0.03870967741935484
Vehicle_17,9414909,483,0.1794871794871795,0.012345679012345678,1e-20,0.0005439025004406618,0.9618592351505288,0.1111111111111111,0.16666666666666666,0.9613603654339529,0.3333333333333333,1e-20,1e-20,0.0001813008334802206,1e-20,3.0216805580036753e-05,1e-20,0.0449438202247191
Vehicle_17,9414909,484,0.2,0.08333333333333333,1e-20,1e-20,0.9618592351505288,0.058823529411764705,0.09090909090909091,0.9613603654339529,1e-20,1e-20,0.0012439251630448468,0.0003626016669604412,0.2,0.0002417344446402941,0.12345679012345678,0.18396226415094338
Vehicle_17,9414909,485,0.02127659574468085,0.024096385542168676,0.14285714285714285,0.25,0.9618592351505288,0.08695652173913043,0.07142857142857142,0.9613603654339529,0.1,1e-20,1e-20,0.00028705965301034924,1e-20,0.00012086722232014704,0.12903225806451613,0.1792452830188679
Vehicle_17,9414909,486,0.09090909090909091,0.19230769230769232,0.125,0.16666666666666666,0.9618592351505288,0.05,0.045454545454545456,0.9613603654339529,1e-20,1e-20,0.0004079268753304963,0.00015612016216352327,1e-20,4.028907410671568e-05,0.07407407407407407,0.08764940239043825
Vehicle_17,9414909,487,0.02,0.02702702702702703,1e-20,1e-20,0.9618592351505288,1e-20,1e-20,0.9613603654339529,1e-20,1e-20,0.001037443658247929,0.0006043361116007353,1e-20,0.00022662604185027572,0.03125,0.05
Vehicle_17,9414909,488,1e-20,0.05263157894736842,1e-20,1e-20,0.9618592351505288,0.007231888802155466,0.003620980535341072,0.9613603654339529,0.002699367965149951,1e-20,1e-20,0.0009467932415078185,1e-20,0.0007806008108176164,0.02702702702702703,0.04285714285714286
Vehicle_17,9414909,489,0.010828944919751131,1e-20,0.0032080175257472366,0.0014705512048951224,0.9618592351505288,1e-20,1e-20,0.9613603654339529,0.004305894795155239,1e-20,0.0023669831037695464,0.0013396117140482965,1e-20,0.001344647848311636,0.12244897959183673,0.09
Vehicle_17,9414909,490,1e-20,0.07142857142857142,0.2,0.25,0.9618592351505288,1e-20,1e-20,0.9613603654339529,1e-20,1e-20,1e-20,0.002100067987812555,1e-20,1e-20,0.06666666666666667,0.05
Vehicle_17,9414909,491,1e-20,0.15789473684210525,1e-20,1e-20,0.9618592351505288,0.11764705882352941,0.19047619047619047,0.9613603654339529,0.5,1e-20,1e-20,1e-20,0.015873015873015872,1e-20,0.11764705882352941,0.15272727272727274
Vehicle_17,9414909,492,0.18681318681318682,0.06716417910447761,0.13333333333333333,0.125,0.9618592351505288,0.047619047619047616,0.07142857142857142,0.9613603654339529,1e-20,1e-20,1e-20,1e-20,0.02185792349726776,1e-20,0.1297709923664122,0.1461038961038961
Vehicle_17,9414909,493,0.12173913043478261,0.109375,0.043478260869565216,1e-20,0.9618592351505288,0.16883116883116883,0.10810810810810811,0.9613603654339529,0.1111111111111111,1e-20,0.03571428571428571,0.08695652173913043,0.13186813186813187,1e-20,0.025210084033613446,0.02181818181818182
Vehicle_17,9414909,494,0.23469387755102042,0.24691358024691357,0.0625,1e-20,0.9618592351505288,0.2906688687035508,0.3094098883572568,0.9613603654339529,1e-20,1e-20,0.031578947368421054,0.01818181818181818,0.16898608349900596,1e-20,1e-20,0.02702702702702703
Vehicle_17,9414909,495,0.20353982300884957,1e-20,0.12048192771084337,0.15151515151515152,0.9618592351505288,0.15229885057471265,0.15137254901960784,0.9613603654339529,0.05172413793103448,1e-20,0.08333333333333333,1e-20,0.03137651821862348,1e-20,0.13043478260869565,0.15384615384615385
Vehicle_17,9414909,496,0.019676739283204497,1e-20,0.20723684210526316,0.18633540372670807,0.9618592351505288,0.21505376344086022,0.2,0.9613603654339529,0.1568627450980392,1e-20,1e-20,1e-20,1e-20,1e-20,0.011627906976744186,0.018957345971563982
Vehicle_17,9414909,497,0.2958579881656805,0.04225352112676056,1e-20,1e-20,0.9618592351505288,0.002167630057803468,1e-20,0.9613603654339529,1e-20,1e-20,0.019091984992319896,0.006677914033188125,0.03407952056001813,0.00887870470626747,1e-20,1e-20
Vehicle_17,9414909,498,0.007926023778071334,1e-20,1e-20,1e-20,0.03814076484947111,0.1,1e-20,0.9613603654339529,0.006521793871024601,1e-20,0.013773827210233425,0.005625361972150178,1e-20,0.004467051091582102,1e-20,1e-20
Vehicle_17,9414909,499,0.024390243902439025,0.002746216407888582,1e-20,0.0041195578274116785,0.8374371859296482,1e-20,1e-20,0.9613603654339529,1e-20,1e-20,1e-20,1e-20,0.1111111111111111,1e-20,0.004794399818699166,1e-20
Vehicle_17,9414909,500,1e-20,1e-20,1e-20,1e-20,0.9674124800755652,0.16666666666666666,0.5,0.9613603654339529,0.004749074610329112,1e-20,1e-20,1e-20,1e-20,1e-20,0.06,0.06666666666666667
Vehicle_17,9414909,501,0.3333333333333333,0.19642857142857142,1e-20,1e-20,0.9674124800755652,1e-20,1e-20,0.9613603654339529,1e-20,1e-20,1e-20,1e-20,1e-20,1e-20,0.015151515151515152,0.014492753623188406
Vehicle_17,9414909,502,0.047619047619047616,0.017857142857142856,1e-20,1e-20,0.9674124800755652,1e-20,1e-20,0.9613603654339529,1e-20,1e-20,0.25,1e-20,1e-20,1e-20,1e-20,1e-20
Vehicle_17,9414909,503,1e-20,1e-20,1e-20,1e-20,0.9674124800755652,1e-20,1e-20,0.9613603654339529,1e-20,1e-20,1e-20,1e-20,1e-20,1e-20,1e-20,1e-20
Vehicle_17,9414909,504,0.0847457627118644,1e-20,1e-20,1e-20,0.9674124800755652,0.16326530612244897,0.16,0.9613603654339529,0.1,1e-20,1e-20,1e-20,1e-20,1e-20,1e-20,1e-20
Vehicle_17,9414909,505,0.06172839506172839,1e-20,1e-20,0.009185908896331176,0.9674124800755652,0.08955223880597014,0.1111111111111111,0.9613603654339529,1e-20,1e-20,1e-20,1e-20,0.02857142857142857,1e-20,1e-20,1e-20
Vehicle_17,9414909,506,0.09473684210526316,1e-20,1e-20,1e-20,0.03258751992443474,0.043478260869565216,0.031746031746031744,0.9613603654339529,1e-20,1e-20,1e-20,1e-20,1e-20,1e-20,1e-20,1e-20
Vehicle_17,9414909,507,1e-20,1e-20,1e-20,1e-20,0.8513274336283185,0.0423728813559322,0.05555555555555555,0.9613603654339529,1e-20,1e-20,1e-20,0.3333333333333333,0.0625,1e-20,1e-20,1e-20
Vehicle_17,9414909,508,0.09803921568627451,0.0030278796292104878,0.2,1e-20,0.9618592351505288,0.06976744186046512,0.08,0.9613603654339529,1e-20,1e-20,1e-20,1e-20,1e-20,1e-20,1e-20,1e-20
Vehicle_17,9414909,509,0.02631578947368421,0.003374928955482122,1e-20,1e-20,0.9618592351505288,1e-20,1e-20,0.9613603654339529,0.0025633923400397857,1e-20,0.16666666666666666,0.0006194445143907537,1e-20,0.0003726739354871201,0.02857142857142857,0.024390243902439025
Vehicle_17,9414909,510,0.19047619047619047,0.03125,1e-20,1e-20,0.9618592351505288,1e-20,1e-20,0.9613603654339529,1e-20,1e-20,1e-20,0.0009115403016644424,1e-20,0.0005439025004406618,0.0625,0.02666666666666667
Vehicle_17,9414909,511,0.25263157894736843,1e-20,0.0023669831037695464,0.001203636088938131,0.9618592351505288,1e-20,1e-20,0.9613603654339529,0.1111111111111111,1e-20,1e-20,1e-20,1e-20,1e-20,0.1440677966101695,0.17142857142857143
Vehicle_17,9414909,512,0.056179775280898875,0.029411764705882353,1e-20,1e-20,0.9618592351505288,0.09090909090909091,1e-20,0.9613603654339529,1e-20,1e-20,0.0019086948858056557,0.0007856369450809558,1e-20,0.0005388663661773223,0.042735042735042736,0.055793991416309016
Vehicle_17,9414909,513,0.075,0.047619047619047616,1e-20,1e-20,0.9618592351505288,0.1111111111111111,0.2,0.9613603654339529,1e-20,1e-20,1e-20,1e-20,1e-20,7.55420139500919e-05,0.15625,0.15833333333333333
Vehicle_17,9414909,514,0.012269938650306749,0.05263157894736842,1e-20,1e-20,0.9618592351505288,1e-20,1e-20,0.9613603654339529,1e-20,1e-20,0.0014906957419484803,0.000513685694860625,1e-20,1e-20,0.14473684210526316,0.14029850746268657
Vehicle_17,9414909,515,0.043478260869565216,0.014492753623188406,1e-20,1e-20,0.9618592351505288,1e-20,1e-20,0.9613603654339529,1e-20,1e-20,1e-20,0.000579155440284038,1e-20,0.00042807141238385414,1e-20,1e-20
Vehicle_17,9414909,516,0.13636363636363635,1e-20,1e-20,1e-20,0.9618592351505288,1e-20,1e-20,0.03863963456604718,1e-20,1e-20,0.0034850049102309066,0.001913731020068995,1e-20,1e-20,1e-20,1e-20
Vehicle_17,9414909,517,0.06521739130434782,1e-20,1e-20,1e-20,0.9618592351505288,1e-20,1e-20,0.8207282913165266,0.25,1e-20,0.003102258706217108,1e-20,0.010434870193639362,1e-20,1e-20,1e-20
Vehicle_17,9414909,518,0.15862068965517243,0.002590295696085384,1e-20,1e-20,0.9618592351505288,1e-20,1e-20,0.9585474366846567,0.03225806451612903,1e-20,1e-20,1e-20,1e-20,1e-20,1e-20,1e-20
Vehicle_17,9414909,519,0.01509433962264151,1e-20,1e-20,1e-20,0.9618592351505288,0.0027396570392566664,0.0014000453252083702,0.9585474366846567,1e-20,1e-20,1e-20,1e-20,1e-20,0.0010878050008813235,1e-20,1e-20
Vehicle_17,9414909,520,0.010869565217391304,0.002534968991897153,0.09523809523809523,0.2,0.9618592351505288,0.007146274519678694,0.0033188124795407044,0.9585474366846567,1e-20,1e-20,1e-20,1e-20,1e-20,1e-20,1e-20,1e-20
Vehicle_17,9414909,521,0.03636363636363636,1e-20,0.0625,1e-20,0.9618592351505288,1e-20,1e-20,0.9585474366846567,0.06666666666666667,1e-20,1e-20,1e-20,1e-20,1e-20,1e-20,0.04
Vehicle_17,9414909,522,0.03225806451612903,1e-20,1e-20,1e-20,0.9618592351505288,1e-20,1e-20,0.9585474366846567,0.058823529411764705,1e-20,1e-20,1e-20,1e-20,1e-20,1e-20,0.0064516129032258064
Vehicle_17,9414909,523,0.16847826086956522,1e-20,1e-20,1e-20,0.9618592351505288,1e-20,1e-20,0.9585474366846567,0.1111111111111111,1e-20,1e-20,1e-20,1e-20,1e-20,1e-20,0.2
Vehicle_17,9414909,524,0.059782608695652176,0.002605384797227629,0.05,0.05555555555555555,0.9618592351505288,0.06896551724137931,0.14285714285714285,0.9585474366846567,1e-20,1e-20,0.05,1e-20,0.08333333333333333,1e-20,1e-20,0.04081632653061224
Vehicle_17,9414909,525,0.014705882352941176,0.05,1e-20,1e-20,0.9618592351505288,1e-20,1e-20,0.9585474366846567,0.047619047619047616,1e-20,1e-20,1e-20,1e-20,0.3333333333333333,0.016666666666666666,0.008620689655172414
Vehicle_17,9414909,526,0.20634920634920634,1e-20,0.07692307692307693,0.125,0.9618592351505288,1e-20,1e-20,0.9585474366846567,1e-20,1e-20,1e-20,0.0014252259965250673,1e-20,1e-20,1e-20,0.030303030303030304
Vehicle_17,9414909,527,0.010752688172043012,1e-20,1e-20,1e-20,0.9618592351505288,1e-20,1e-20,0.9585474366846567,1e-20,1e-20,0.018518518518518517,1e-20,1e-20,1e-20,0.03125,0.01694915254237288
Vehicle_17,9414909,528,1e-20,1e-20,1e-20,1e-20,0.9618592351505288,1e-20,1e-20,0.9585474366846567,1e-20,1e-20,1e-20,1e-20,1e-20,1e-20,0.1,0.05555555555555555
Vehicle_17,9414909,529,1e-20,1e-20,1e-20,1e-20,0.03814076484947111,1e-20,1e-20,0.9585474366846567,1e-20,1e-20,1e-20,1e-20,1e-20,1e-20,1e-20,0.013422818791946308
Vehicle_17,9414909,530,0.2508361204013378,1e-20,0.009754992068088535,0.006088686324377408,0.8374371859296482,0.32,0.25,0.9585474366846567,0.05263157894736842,1e-20,1e-20,1e-20,0.09090909090909091,1e-20,0.003671341877974467,1e-20
Vehicle_17,9414909,531,0.16718266253869968,0.0019515237477303476,1e-20,1e-20,0.9674124800755652,0.11538461538461539,0.15384615384615385,0.9585474366846567,0.12195121951219512,1e-20,1e-20,1e-20,1e-20,0.002291441089819455,0.09090909090909091,0.02857142857142857
Vehicle_17,9414909,532,0.07581227436823104,0.07142857142857142,0.046511627906976744,0.043478260869565216,0.9674124800755652,0.036585365853658534,1e-20,0.9585474366846567,1e-20,1e-20,1e-20,1e-20,1e-20,1e-20,1e-20,1e-20
Vehicle_17,9414909,533,0.019762845849802372,1e-20,0.047619047619047616,1e-20,0.9674124800755652,1e-20,1e-20,0.9585474366846567,0.11764705882352941,1e-20,1e-20,0.0009518293757711581,1e-20,1e-20,1e-20,0.047619047619047616
Vehicle_17,9414909,534,0.04878048780487805,1e-20,1e-20,1e-20,0.9674124800755652,1e-20,1e-20,0.9585474366846567,1e-20,1e-20,1e-20,1e-20,1e-20,1e-20,0.037037037037037035,0.020833333333333332
Vehicle_17,9414909,535,0.19230769230769232,1e-20,0.125,0.21428571428571427,0.9674124800755652,1e-20,0.001541057084581875,0.9585474366846567,1e-20,1e-20,0.034482758620689655,1e-20,1e-20,1e-20,1e-20,1e-20
Vehicle_17,9414909,536,1e-20,1e-20,0.02702702702702703,0.07692307692307693,0.9674124800755652,1e-20,1e-20,0.9585474366846567,0.16666666666666666,1e-20,0.04597701149425287,1e-20,1e-20,1e-20,0.14705882352941177,0.13157894736842105
Vehicle_17,9414909,537,0.1875,0.0425531914893617,0.03260869565217391,0.02127659574468085,0.9674124800755652,1e-20,1e-20,0.9585474366846567,1e-20,1e-20,0.005208333333333333,1e-20,1e-20,1e-20,0.06779661016949153,0.03759398496240601
Vehicle_17,9414909,538,0.17777777777777778,0.21739130434782608,0.11764705882352941,0.125,0.9674124800755652,1e-20,1e-20,0.9585474366846567,1e-20,1e-20,0.14285714285714285,1e-20,1e-20,1e-20,0.04,0.06349206349206349
Vehicle_17,9414909,539,0.09523809523809523,0.05555555555555555,0.22406639004149378,0.22988505747126436,0.9674124800755652,1e-20,1e-20,0.9585474366846567,0.0625,1e-20,0.24834437086092714,1e-20,0.07142857142857142,1e-20,0.16666666666666666,0.168
Vehicle_17,9414909,540,0.011235955056179775,0.041666666666666664,0.3611738148984199,0.2590909090909091,0.9674124800755652,0.054945054945054944,0.05357142857142857,0.9585474366846567,0.03571428571428571,1e-20,0.25831202046035806,1e-20,0.08695652173913043,1e-20,0.203125,0.2557077625570776
Vehicle_17,9414909,541,0.10991379310344827,0.06578947368421052,1e-20,1e-20,0.9674124800755652,0.045454545454545456,0.03636363636363636,0.9585474366846567,0.05555555555555555,1e-20,0.0008525149190110827,1e-20,1e-20,1e-20,0.015625,0.0045662100456621
Vehicle_17,9414909,542,0.04436860068259386,1e-20,1e-20,1e-20,0.9674124800755652,0.08333333333333333,0.10526315789473684,0.9585474366846567,1e-20,1e-20,1e-20,1e-20,1e-20,1e-20,1e-20,1e-20
Vehicle_17,9414909,543,0.039473684210526314,1e-20,1e-20,1e-20,0.9674124800755652,0.10256410256410256,0.08333333333333333,0.9585474366846567,1e-20,1e-20,1e-20,0.0014252259965250673,1e-20,1e-20,0.2,0.18181818181818182
Vehicle_17,9414909,544,0.020833333333333332,1e-20,1e-20,1e-20,0.9674124800755652,1e-20,1e-20,0.9585474366846567,1e-20,1e-20,1e-20,1e-20,1e-20,0.0009870823156145343,1e-20,1e-20
Vehicle_17,9414909,545,0.1111111111111111,0.14285714285714285,1e-20,1e-20,0.9674124800755652,1e-20,1e-20,0.9585474366846567,1e-20,1e-20,1e-20,1e-20,1e-20,1e-20,1e-20,1e-20
Vehicle_17,9414909,546,0.16025641025641027,1e-20,1e-20,0.0019086948858056557,0.9674124800755652,0.10416666666666667,0.12244897959183673,0.9585474366846567,1e-20,1e-20,1e-20,1e-20,0.03225806451612903,0.00031224032432704653,0.03571428571428571,0.043478260869565216
Vehicle_17,9414909,547,0.027586206896551724,0.025,1e-20,1e-20,0.9674124800755652,0.10344827586206896,0.07246376811594203,0.9585474366846567,1e-20,1e-20,1e-20,1e-20,1e-20,1e-20,1e-20,0.008620689655172414
Vehicle_17,9414909,548,0.07272727272727272,1e-20,1e-20,1e-20,0.9674124800755652,0.0958904109589041,0.12195121951219512,0.9585474366846567,0.004930375443809332,1e-20,0.004718857804749075,0.0012439251630448468,1e-20,0.0011734192833580943,1e-20,1e-20
Vehicle_17,9414909,549,0.027777777777777776,1e-20,1e-20,1e-20,0.9674124800755652,0.04081632653061224,0.034482758620689655,0.9585474366846567,1e-20,1e-20,1e-20,1e-20,0.03333333333333333,1e-20,1e-20,1e-20
Vehicle_17,9414909,550,0.1413793103448276,1e-20,0.07407407407407407,0.125,0.9674124800755652,1e-20,1e-20,0.9585474366846567,0.0784313725490196,1e-20,1e-20,1e-20,1e-20,1e-20,1e-20,1e-20
Vehicle_17,9414909,551,0.19886363636363635,1e-20,0.03125,0.05,0.9674124800755652,0.125,1e-20,0.04145256331534326,0.06382978723404255,1e-20,1e-20,1e-20,0.16666666666666666,1e-20,1e-20,1e-20
Vehicle_17,9414909,552,0.020710059171597635,0.0028166322132190586,0.2222222222222222,0.2,0.9674124800755652,1e-20,1e-20,0.8008934269304403,1e-20,1e-20,1e-20,1e-20,1e-20,1e-20,1e-20,1e-20
Vehicle_17,9414909,553,1e-20,0.00287195891740729,0.14,0.14814814814814814,0.9674124800755652,1e-20,1e-20,0.9613603654339529,1e-20,1e-20,0.002009417571072445,0.00042807141238385414,0.0014705512048951224,0.00019640923627023895,1e-20,1e-20
Vehicle_17,9414909,554,0.13157894736842105,1e-20,1e-20,1e-20,0.9674124800755652,1e-20,1e-20,0.9613603654339529,1e-20,1e-20,0.002407272177876262,0.0005287940976506434,0.0020396343766524816,0.00031224032432704653,1e-20,1e-20
Vehicle_17,9414909,555,0.13043478260869565,1e-20,1e-20,1e-20,0.9674124800755652,0.058823529411764705,1e-20,0.9613603654339529,0.5,1e-20,1e-20,0.0005338302319139828,1e-20,1e-20,0.058823529411764705,0.03731343283582089
Vehicle_17,9414909,556,0.14473684210526316,1e-20,0.2222222222222222,0.16666666666666666,0.9674124800755652,0.125,0.16666666666666666,0.9613603654339529,1e-20,1e-20,1e-20,1e-20,1e-20,0.00021151763906025734,0.08695652173913043,0.15217391304347827
Vehicle_17,9414909,557,0.13559322033898305,1e-20,0.1111111111111111,0.5,0.9674124800755652,0.16363636363636364,0.12903225806451613,0.9613603654339529,1e-20,1e-20,0.0010525520610379473,1e-20,1e-20,7.55420139500919e-05,0.05555555555555555,0.10077519379844961
Vehicle_17,9414909,558,0.0213903743315508,0.0625,0.14285714285714285,1e-20,0.9674124800755652,0.04081632653061224,0.034482758620689655,0.9613603654339529,0.2,1e-20,1e-20,0.00030216805580036765,1e-20,0.0001007226852667892,0.03571428571428571,0.06666666666666667
Vehicle_17,9414909,559,0.28,0.03125,1e-20,1e-20,0.9674124800755652,0.03333333333333333,1e-20,0.9613603654339529,1e-20,1e-20,0.3333333333333333,1e-20,1e-20,0.0001913731020068995,0.13402061855670103,0.13664596273291926
Vehicle_17,9414909,560,0.00847457627118644,0.038461538461538464,0.0029914637524236396,0.0015360209503185356,0.9674124800755652,1e-20,1e-20,0.9613603654339529,0.002810162918943419,1e-20,1e-20,0.0008913957646110845,1e-20,0.0006144083801274142,0.09219858156028368,0.0875
Vehicle_17,9414909,561,1e-20,0.043478260869565216,1e-20,0.001269105834361544,0.9674124800755652,1e-20,1e-20,0.9613603654339529,1e-20,1e-20,1e-20,0.0009115403016644424,1e-20,0.0005439025004406618,0.0891089108910891,0.06395348837209303
Vehicle_17,9414909,562,0.125,1e-20,0.16666666666666666,1e-20,0.9674124800755652,1e-20,1e-20,0.9613603654339529,0.125,1e-20,1e-20,1e-20,1e-20,1e-20,0.20512820512820512,0.15966386554621848
Vehicle_17,9414909,563,0.08108108108108109,0.07692307692307693,1e-20,1e-20,0.9674124800755652,1e-20,1e-20,0.9613603654339529,0.1111111111111111,1e-20,1e-20,1e-20,1e-20,1e-20,1e-20,1e-20
Vehicle_17,9414909,564,0.05714285714285714,1e-20,0.08333333333333333,0.2,0.9674124800755652,0.14285714285714285,0.16666666666666666,0.9613603654339529,1e-20,1e-20,0.1111111111111111,1e-20,1e-20,1e-20,1e-20,1e-20
Vehicle_17,9414909,565,0.07518796992481203,1e-20,0.058823529411764705,1e-20,0.9674124800755652,1e-20,1e-20,0.9613603654339529,1e-20,1e-20,1e-20,1e-20,1e-20,1e-20,1e-20,1e-20
Vehicle_17,9414909,566,0.024725274725274724,1e-20,1e-20,1e-20,0.03258751992443474,0.13333333333333333,1e-20,0.9613603654339529,1e-20,1e-20,1e-20,1e-20,1e-20,1e-20,1e-20,1e-20
Vehicle_17,9414909,567,0.109375,1e-20,0.017241379310344827,0.0064361795885478305,0.8513274336283185,1e-20,1e-20,0.9613603654339529,1e-20,1e-20,0.010416666666666666,1e-20,1e-20,1e-20,0.0034598242389142094,1e-20
Vehicle_17,9414909,568,0.0070921985815602835,1e-20,0.07407407407407407,0.2,0.9618592351505288,1e-20,1e-20,0.9613603654339529,0.5,1e-20,0.1111111111111111,0.0008158537506609926,1e-20,0.0006949865283408456,1e-20,0.08333333333333333
Vehicle_17,9414909,569,0.2413793103448276,0.2,0.03225806451612903,0.038461538461538464,0.9618592351505288,0.16666666666666666,1e-20,0.9613603654339529,1e-20,1e-20,1e-20,1e-20,1e-20,1e-20,1e-20,0.01098901098901099
Vehicle_17,9414909,570,0.1724137931034483,1e-20,0.3333333333333333,0.6666666666666666,0.9618592351505288,0.16666666666666666,1e-20,0.9613603654339529,1e-20,1e-20,1e-20,1e-20,1e-20,1e-20,1e-20,1e-20
Vehicle_17,9414909,571,0.0975609756097561,1e-20,0.058823529411764705,0.06666666666666667,0.9618592351505288,1e-20,1e-20,0.9613603654339529,1e-20,1e-20,1e-20,1e-20,1e-20,0.0007453478709742401,0.10638297872340426,0.1
Vehicle_17,9414909,572,1e-20,0.16666666666666666,1e-20,1e-20,0.9618592351505288,1e-20,0.0014302621307884069,0.9613603654339529,1e-20,1e-20,1e-20,0.0009669377785611764,1e-20,1e-20,0.08771929824561403,0.12903225806451613
Vehicle_17,9414909,573,1e-20,0.014285714285714285,0.05555555555555555,0.09523809523809523,0.9618592351505288,0.25,1e-20,0.9613603654339529,1e-20,1e-20,0.03333333333333333,1e-20,1e-20,1e-20,0.14545454545454545,0.17054263565891473
Vehicle_17,9414909,574,0.05454545454545454,0.125,0.05555555555555555,0.08571428571428572,0.9618592351505288,0.05263157894736842,1e-20,0.9613603654339529,1e-20,1e-20,0.03333333333333333,0.5,1e-20,1e-20,0.04807692307692308,0.07027027027027027
Vehicle_17,9414909,575,0.030534351145038167,0.05555555555555555,0.03,0.044444444444444446,0.9618592351505288,0.2,0.2222222222222222,0.9613603654339529,1e-20,1e-20,1e-20,1e-20,1e-20,1e-20,0.07547169811320754,0.05084745762711865
Vehicle_17,9414909,576,0.18181818181818182,1e-20,0.1,0.08333333333333333,0.9618592351505288,0.09523809523809523,0.08333333333333333,0.9613603654339529,0.06666666666666667,1e-20,1e-20,0.0009367209729811397,0.0021353209276559313,0.0008108176163976532,0.05454545454545454,0.07291666666666667
Vehicle_17,9414909,577,0.06666666666666667,0.09090909090909091,0.045454545454545456,1e-20,0.9618592351505288,0.1111111111111111,0.1111111111111111,0.9613603654339529,0.09090909090909091,1e-20,1e-20,0.0007554201395009191,1e-20,0.0006144083801274142,0.02702702702702703,0.028169014084507043
Vehicle_17,9414909,578,0.1773049645390071,0.02857142857142857,1e-20,1e-20,0.9618592351505288,0.07692307692307693,0.07692307692307693,0.9613603654339529,1e-20,1e-20,0.05263157894736842,1e-20,1e-20,1e-20,1e-20,0.031578947368421054
Vehicle_17,9414909,579,0.024242424242424242,1e-20,1e-20,1e-20,0.9618592351505288,1e-20,1e-20,0.9613603654339529,1e-20,1e-20,1e-20,1e-20,1e-20,1e-20,0.1111111111111111,0.07894736842105263
Vehicle_17,9414909,580,0.017857142857142856,0.1,1e-20,1e-20,0.9618592351505288,1e-20,1e-20,0.9613603654339529,1e-20,1e-20,1e-20,1e-20,1e-20,0.001344647848311636,0.021739130434782608,0.010526315789473684
Vehicle_17,9414909,581,0.10869565217391304,1e-20,1e-20,1e-20,0.9618592351505288,1e-20,0.0064512879913378495,0.9613603654339529,0.02857142857142857,1e-20,1e-20,0.0025633923400397857,1e-20,1e-20,0.16666666666666666,0.09090909090909091
Vehicle_17,9414909,582,0.0078125,1e-20,0.029411764705882353,1e-20,0.9618592351505288,1e-20,0.009588799637398332,0.9613603654339529,0.03571428571428571,1e-20,0.21428571428571427,1e-20,1e-20,1e-20,1e-20,1e-20
Vehicle_17,9414909,583,0.03529411764705882,1e-20,1e-20,1e-20,0.9618592351505288,0.07692307692307693,1e-20,0.03863963456604718,0.07692307692307693,1e-20,1e-20,1e-20,1e-20,1e-20,1e-20,1e-20
Vehicle_17,9414909,584,0.2854122621564482,1e-20,0.03571428571428571,1e-20,0.9618592351505288,1e-20,1e-20,0.8207282913165266,0.08333333333333333,1e-20,1e-20,0.002100067987812555,1e-20,0.2,1e-20,1e-20
Vehicle_17,9414909,585,0.17547568710359407,1e-20,1e-20,1e-20,0.9618592351505288,1e-20,1e-20,0.9585474366846567,0.02127659574468085,1e-20,1e-20,1e-20,1e-20,1e-20,0.2,0.14285714285714285
Vehicle_17,9414909,586,0.15945945945945947,1e-20,1e-20,1e-20,0.9618592351505288,0.07692307692307693,1e-20,0.9585474366846567,1e-20,1e-20,1e-20,1e-20,1e-20,1e-20,1e-20,1e-20
Vehicle_17,9414909,587,1e-20,1e-20,1e-20,1e-20,0.9618592351505288,1e-20,1e-20,0.9585474366846567,1e-20,1e-20,1e-20,1e-20,1e-20,1e-20,1e-20,1e-20
Vehicle_17,9414909,588,0.34285714285714286,1e-20,0.030303030303030304,0.05714285714285714,0.9618592351505288,1e-20,1e-20,0.9585474366846567,1e-20,1e-20,1e-20,1e-20,1e-20,0.0010777327323546447,0.027777777777777776,0.02564102564102564
Vehicle_17,9414909,589,0.016129032258064516,1e-20,1e-20,1e-20,0.9618592351505288,0.06666666666666667,0.16666666666666666,0.9585474366846567,1e-20,1e-20,1e-20,1e-20,1e-20,0.6666666666666666,0.16666666666666666,0.14285714285714285
Vehicle_17,9414909,590,0.05813953488372093,0.08333333333333333,0.10256410256410256,0.1,0.9618592351505288,1e-20,1e-20,0.9585474366846567,1e-20,1e-20,0.06,1e-20,1e-20,1e-20,0.12698412698412698,0.10483870967741936
Vehicle_17,9414909,591,0.015625,0.022727272727272728,0.02586206896551724,0.027777777777777776,0.9618592351505288,1e-20,1e-20,0.9585474366846567,1e-20,1e-20,1e-20,1e-20,1e-20,1e-20,0.016129032258064516,0.027522935779816515
Vehicle_17,9414909,592,0.021739130434782608,1e-20,0.02702702702702703,0.046153846153846156,0.9618592351505288,1e-20,1e-20,0.9585474366846567,1e-20,1e-20,0.022727272727272728,1e-20,1e-20,1e-20,0.1111111111111111,0.06060606060606061
Vehicle_17,9414909,593,0.2033898305084746,0.2,1e-20,1e-20,0.9618592351505288,1e-20,1e-20,0.9585474366846567,1e-20,1e-20,0.015384615384615385,1e-20,1e-20,1e-20,1e-20,1e-20
Vehicle_17,9414909,594,0.1368421052631579,1e-20,1e-20,1e-20,0.9618592351505288,0.125,1e-20,0.9585474366846567,1e-20,1e-20,1e-20,1e-20,1e-20,1e-20,1e-20,1e-20
Vehicle_17,9414909,595,0.12837837837837837,0.14285714285714285,0.007633587786259542,1e-20,0.9618592351505288,0.2,1e-20,0.9585474366846567,1e-20,1e-20,0.015151515151515152,1e-20,1e-20,1e-20,1e-20,0.02
Vehicle_17,9414909,596,0.08771929824561403,0.06451612903225806,0.1,0.25,0.9618592351505288,0.09090909090909091,0.25,0.9585474366846567,1e-20,1e-20,1e-20,0.00045325208370055144,1e-20,1e-20,0.05263157894736842,0.03571428571428571
Vehicle_17,9414909,597,0.17142857142857143,1e-20,1e-20,1e-20,0.9618592351505288,1e-20,1e-20,0.9585474366846567,1e-20,1e-20,1e-20,1e-20,1e-20,1e-20,0.1,0.047619047619047616
Vehicle_17,9414909,598,0.15736040609137056,0.05555555555555555,1e-20,1e-20,0.9618592351505288,1e-20,1e-20,0.9585474366846567,1e-20,1e-20,1e-20,0.0008913957646110845,0.0019489839599123712,0.0006144083801274142,0.07142857142857142,0.1111111111111111
Vehicle_17,9414909,599,0.012195121951219513,1e-20,1e-20,1e-20,0.9618592351505288,1e-20,0.001475587339158462,0.9585474366846567,1e-20,1e-20,1e-20,0.0004582882179638909,1e-20,1e-20,1e-20,1e-20
Vehicle_17,9414909,600,0.2222222222222222,1e-20,1e-20,1e-20,0.9618592351505288,0.005680759449046911,0.0027598015763100245,0.9585474366846567,1e-20,1e-20,1e-20,0.0013396117140482965,1e-20,1e-20,1e-20,1e-20
Vehicle_17,9414909,601,0.17142857142857143,1e-20,1e-20,1e-20,0.9618592351505288,1e-20,1e-20,0.9585474366846567,1e-20,1e-20,0.3333333333333333,0.0013194671769949386,1e-20,0.001062624329564626,0.038461538461538464,0.044444444444444446
Vehicle_17,9414909,602,0.09090909090909091,1e-20,1e-20,1e-20,0.9618592351505288,1e-20,1e-20,0.9585474366846567,1e-20,1e-20,1e-20,0.00215042933044595,1e-20,0.002100067987812555,1e-20,1e-20
Vehicle_17,9414909,603,0.058823529411764705,1e-20,0.010288822300002519,0.004305894795155239,0.9618592351505288,0.1,1e-20,0.9585474366846567,0.09090909090909091,1e-20,0.017344446402941104,1e-20,0.07142857142857142,1e-20,1e-20,1e-20
Vehicle_17,9414909,604,0.2854122621564482,1e-20,1e-20,1e-20,0.03814076484947111,1e-20,1e-20,0.9585474366846567,0.02127659574468085,1e-20,0.04310344827586207,1e-20,0.06666666666666667,1e-20,1e-20,0.03773584905660377
Vehicle_17,9414909,605,0.008456659619450317,1e-20,1e-20,1e-20,0.8374371859296482,1e-20,1e-20,0.9585474366846567,0.05263157894736842,1e-20,1e-20,0.09090909090909091,1e-20,1e-20,1e-20,1e-20
Vehicle_17,9414909,606,1e-20,0.0028820183181687865,0.3333333333333333,0.5,0.9674124800755652,1e-20,1e-20,0.9585474366846567,1e-20,1e-20,1e-20,1e-20,1e-20,0.05555555555555555,1e-20,1e-20
Vehicle_17,9414909,607,1e-20,1e-20,1e-20,1e-20,0.9674124800755652,0.125,1e-20,0.04145256331534326,1e-20,1e-20,1e-20,1e-20,1e-20,1e-20,1e-20,1e-20
Vehicle_17,9414909,608,0.051470588235294115,0.0026456224002736157,0.15384615384615385,1e-20,0.9674124800755652,1e-20,1e-20,0.8008934269304403,1e-20,1e-20,1e-20,1e-20,1e-20,0.0022612242842394176,0.007619671140432604,0.3333333333333333
Vehicle_17,9414909,609,1e-20,1e-20,1e-20,1e-20,0.9674124800755652,1e-20,0.0014403343993150857,0.9613603654339529,1e-20,1e-20,1e-20,1e-20,0.1,1e-20,1e-20,1e-20
Vehicle_17,9414909,610,1e-20,1e-20,1e-20,1e-20,0.9674124800755652,0.041666666666666664,0.047619047619047616,0.9613603654339529,1e-20,1e-20,1e-20,0.0005187218291239645,1e-20,0.00017626469921688112,0.047619047619047616,0.03278688524590164
Vehicle_17,9414909,611,0.030303030303030304,0.16666666666666666,1e-20,1e-20,0.9674124800755652,0.10810810810810811,0.1111111111111111,0.9613603654339529,1e-20,1e-20,0.001138166343514718,1e-20,0.13333333333333333,1e-20,0.047619047619047616,0.05
Vehicle_17,9414909,612,0.1724137931034483,0.1,0.0010223352554579106,0.0005388663661773223,0.9674124800755652,0.027972027972027972,0.014084507042253521,0.9613603654339529,1e-20,1e-20,1e-20,0.0002568428474303125,1e-20,6.043361116007352e-05,0.08139534883720931,0.061224489795918366
Vehicle_17,9414909,613,0.3170731707317073,0.058823529411764705,1e-20,1e-20,0.9674124800755652,0.09433962264150944,0.10344827586206896,0.9613603654339529,1e-20,1e-20,1e-20,0.0002165537733235968,0.027777777777777776,0.00015612016216352327,0.031746031746031744,0.04032258064516129
Vehicle_17,9414909,614,0.00684931506849315,0.15384615384615385,0.0005489386347040012,0.00030216805580036765,0.9674124800755652,0.07142857142857142,0.0967741935483871,0.9613603654339529,1e-20,1e-20,0.0001410117593735049,1e-20,0.029411764705882353,5.03613426333945e-06,0.036036036036036036,0.035175879396984924
Vehicle_17,9414909,615,0.25,0.08695652173913043,1e-20,1e-20,0.9674124800755652,0.0684931506849315,0.045454545454545456,0.9613603654339529,1e-20,1e-20,0.0012288167602548285,0.0005287940976506434,1e-20,0.00031224032432704653,0.11842105263157894,0.12698412698412698
Vehicle_17,9414909,616,1e-20,0.025,1.0,1.0,0.9674124800755652,0.08333333333333333,0.07142857142857142,0.9613603654339529,0.0023266940296628306,1e-20,0.0007554201395009191,0.0006043361116007353,1e-20,0.00022662604185027572,0.09821428571428571,0.1
Vehicle_17,9414909,617,0.2,0.06666666666666667,1e-20,1e-20,0.9674124800755652,0.01020408163265306,1e-20,0.9613603654339529,0.002482814191826354,1e-20,1e-20,1e-20,0.009389671361502348,0.0005439025004406618,0.030612244897959183,0.035897435897435895
Vehicle_17,9414909,618,1e-20,0.04878048780487805,1e-20,1e-20,0.9674124800755652,1e-20,1e-20,0.9613603654339529,1e-20,1e-20,1e-20,1e-20,0.02631578947368421,1.0,0.012658227848101266,0.005988023952095809
Vehicle_17,9414909,619,0.13368983957219252,1e-20,1e-20,1e-20,0.9674124800755652,1e-20,1e-20,0.9613603654339529,1e-20,1e-20,1e-20,0.00028705965301034924,1e-20,1e-20,1e-20,1e-20
Vehicle_17,9414909,620,0.025,1e-20,1e-20,1e-20,0.9674124800755652,1e-20,1e-20,0.9613603654339529,1e-20,1e-20,1e-20,0.0009115403016644424,1e-20,0.0005439025004406618,1e-20,1e-20
Vehicle_17,9414909,621,0.03333333333333333,1e-20,0.1111111111111111,1e-20,0.9674124800755652,0.06578947368421052,0.04878048780487805,0.9613603654339529,0.16666666666666666,1e-20,1e-20,0.00102737138972125,0.08333333333333333,0.0007957092136076347,0.06896551724137931,0.10300429184549356
Vehicle_17,9414909,622,0.029411764705882353,0.025,1e-20,1e-20,0.9674124800755652,1e-20,1e-20,0.9613603654339529,1e-20,1e-20,1e-20,1e-20,0.05,1e-20,0.008130081300813009,0.009708737864077669
Vehicle_17,9414909,623,0.10185185185185185,1e-20,0.1111111111111111,0.2,0.9674124800755652,1e-20,1e-20,0.9613603654339529,1e-20,1e-20,1e-20,1e-20,1e-20,0.0007050587968675245,1e-20,0.015873015873015872
Vehicle_17,9414909,624,0.16417910447761194,1e-20,1e-20,1e-20,0.9674124800755652,1e-20,1e-20,0.9613603654339529,0.08333333333333333,1e-20,0.14285714285714285,1e-20,1e-20,1e-20,1e-20,0.09090909090909091
Vehicle_17,9414909,625,0.20081967213114754,1e-20,1.0,0.013501875960013093,0.03258751992443474,1e-20,1e-20,0.9613603654339529,1e-20,1e-20,1e-20,1e-20,1e-20,0.0015460932188452144,1e-20,0.125
Vehicle_17,9414909,626,0.045081967213114756,0.0026556818010351124,1e-20,0.01279681716314557,0.8513274336283185,1e-20,1e-20,0.9613603654339529,0.06896551724137931,1e-20,1e-20,0.0009518293757711581,1e-20,1e-20,1e-20,1e-20
Vehicle_17,9414909,627,0.1103448275862069,1e-20,1e-20,1e-20,0.9618592351505288,1e-20,1e-20,0.9613603654339529,0.13636363636363635,1e-20,1e-20,1e-20,1e-20,1e-20,1e-20,1e-20
Vehicle_17,9414909,628,0.16216216216216217,1e-20,1e-20,0.0026087175484098405,0.9618592351505288,1e-20,1e-20,0.9613603654339529,0.10344827586206896,1e-20,1e-20,1e-20,1e-20,1e-20,1e-20,0.1
Vehicle_17,9414909,629,0.07906976744186046,1e-20,0.004930375443809332,0.0022209352101327023,0.9618592351505288,1e-20,1e-20,0.9613603654339529,0.10714285714285714,1e-20,1e-20,0.0005640470374940196,1e-20,0.00040289074106715684,1e-20,1e-20
Vehicle_17,9414909,630,0.01818181818181818,1e-20,0.07407407407407407,0.125,0.9618592351505288,1e-20,1e-20,0.9613603654339529,1e-20,1e-20,1e-20,0.0009367209729811397,1e-20,1e-20,1e-20,1e-20
Vehicle_17,9414909,631,0.0821917808219178,1e-20,1e-20,1e-20,0.9618592351505288,0.01867398584846272,0.009588799637398332,0.9613603654339529,1e-20,1e-20,0.125,1e-20,1e-20,0.0010726965980913052,0.25,0.1
Vehicle_17,9414909,632,0.05102040816326531,0.0036213842741387894,1e-20,1e-20,0.9618592351505288,0.033001787827663484,0.0153148842948153,0.03863963456604718,1e-20,1e-20,1e-20,1e-20,1e-20,1e-20,1e-20,1e-20
Vehicle_17,9414909,633,0.08620689655172414,1e-20,1e-20,1e-20,0.9618592351505288,0.003436426116838488,0.5,0.8207282913165266,1e-20,1e-20,1e-20,1e-20,0.0030864197530864196,1e-20,1e-20,1e-20
Vehicle_17,9414909,634,1e-20,0.0025852659957046357,1e-20,0.006123939264220784,0.9618592351505288,1e-20,1e-20,0.9585474366846567,0.005056278800392819,1e-20,1e-20,1e-20,1e-20,1e-20,0.0037922091002946137,1e-20
Vehicle_17,9414909,635,1e-20,0.0031687112398714407,1e-20,1e-20,0.9618592351505288,1e-20,1e-20,0.9585474366846567,1e-20,1e-20,1e-20,1e-20,1e-20,1e-20,0.004305894795155239,1e-20
Vehicle_17,9414909,636,0.05263157894736842,1e-20,0.0967741935483871,0.08,0.9618592351505288,1e-20,1e-20,0.9585474366846567,1e-20,1e-20,1e-20,1e-20,1e-20,1e-20,0.04,0.06779661016949153
Vehicle_17,9414909,637,0.15789473684210525,1e-20,0.031746031746031744,0.047619047619047616,0.9618592351505288,1e-20,1e-20,0.9585474366846567,1e-20,1e-20,1e-20,0.00047843275501724874,1e-20,1e-20,0.029411764705882353,0.056338028169014086
Vehicle_17,9414909,638,0.05,0.041666666666666664,0.023809523809523808,1e-20,0.9618592351505288,1e-20,1e-20,0.9585474366846567,1e-20,1e-20,0.1111111111111111,0.000634552917180772,1e-20,0.0005590109032306801,1e-20,0.007874015748031496
Vehicle_17,9414909,639,0.21052631578947367,1e-20,0.07142857142857142,1e-20,0.9618592351505288,0.3333333333333333,0.00025180671316697305,0.9585474366846567,1e-20,1e-20,1e-20,0.0006546974542341299,1e-20,1e-20,0.02631578947368421,0.028169014084507043
Vehicle_17,9414909,640,0.08,1e-20,1e-20,1e-20,0.9618592351505288,1e-20,1e-20,0.9585474366846567,1e-20,1e-20,1e-20,1e-20,1e-20,0.0003223125928537255,0.05,0.038461538461538464
Vehicle_17,9414909,641,0.21428571428571427,0.0625,1e-20,1e-20,0.9618592351505288,1e-20,1e-20,0.9585474366846567,0.2,1e-20,1e-20,1e-20,1e-20,3.0216805580036753e-05,0.0625,0.06
Vehicle_17,9414909,642,0.006024096385542169,0.10714285714285714,1e-20,1e-20,0.9618592351505288,0.3333333333333333,0.5,0.9585474366846567,0.13636363636363635,1e-20,1e-20,0.0002920957872736887,0.0004935411578072672,0.00012590335658348652,0.03389830508474576,0.04424778761061947
Vehicle_17,9414909,643,0.045454545454545456,0.02040816326530612,1e-20,1e-20,0.9618592351505288,0.13333333333333333,1e-20,0.9585474366846567,0.16666666666666666,1e-20,0.07142857142857142,0.00025180671316697305,0.0005741193060206985,7.55420139500919e-05,0.07142857142857142,0.04878048780487805
Vehicle_17,9414909,644,0.06349206349206349,0.15,0.14285714285714285,0.5,0.9618592351505288,0.25,1.0,0.9585474366846567,0.25,1e-20,1e-20,0.0003223125928537255,1e-20,0.00014604789363684435,0.046511627906976744,0.06976744186046512
Vehicle_17,9414909,645,0.3050847457627119,0.043478260869565216,1e-20,1e-20,0.9618592351505288,1e-20,1e-20,0.9585474366846567,0.06666666666666667,1e-20,1e-20,1e-20,1e-20,0.0001007226852667892,0.05128205128205128,0.07058823529411765
Vehicle_17,9414909,646,0.3157894736842105,0.15151515151515152,1e-20,1e-20,0.9618592351505288,1.0,0.00022158990758693628,0.9585474366846567,1e-20,1e-20,1e-20,1.0,1e-20,8.057814821343136e-05,0.13333333333333333,0.08450704225352113
Vehicle_17,9414909,647,0.21052631578947367,0.07692307692307693,0.03571428571428571,1e-20,0.9618592351505288,1e-20,0.00017122856495354165,0.9585474366846567,0.21428571428571427,1e-20,1e-20,1e-20,1e-20,4.532520837005514e-05,0.06666666666666667,0.109375
Vehicle_17,9414909,648,0.23255813953488372,0.125,0.14285714285714285,0.16666666666666666,0.9618592351505288,1e-20,0.00018633696774356004,0.9585474366846567,0.1,1e-20,1e-20,0.000579155440284038,0.001893586483015637,0.0002719512502203309,0.22,0.13333333333333333
Vehicle_17,9414909,649,0.3384615384615385,0.17647058823529413,0.08333333333333333,1e-20,0.9618592351505288,1e-20,1e-20,0.9585474366846567,1e-20,1e-20,1e-20,0.0001410117593735049,1e-20,6.043361116007352e-05,0.08602150537634409,0.056768558951965066
Vehicle_17,9414909,650,1e-20,0.09615384615384616,1e-20,1e-20,0.9618592351505288,1e-20,1e-20,0.9585474366846567,1e-20,1e-20,0.00186840581169894,0.0006546974542341299,1e-20,0.0004331075466471936,0.05384615384615385,0.05928853754940711
Vehicle_17,9414909,651,1.0,0.26666666666666666,1e-20,1e-20,0.9618592351505288,1e-20,0.0021957545388160047,0.9585474366846567,0.0035605469241809986,1e-20,1e-20,0.001037443658247929,1e-20,0.0009216125701911212,0.16666666666666666,0.16447368421052633
Vehicle_17,9414909,652,1e-20,0.07407407407407407,0.16666666666666666,0.25,0.9618592351505288,0.002679223428096593,0.0012388890287815073,0.9585474366846567,0.005031098129076121,1e-20,1e-20,1e-20,1e-20,1e-20,0.07471264367816093,0.07394366197183098
Vehicle_17,9414909,653,0.14285714285714285,1e-20,1e-20,1e-20,0.9618592351505288,0.08333333333333333,1e-20,0.9585474366846567,1e-20,1e-20,1e-20,1e-20,0.0625,1e-20,1e-20,0.006802721088435374
Vehicle_17,9414909,654,0.14285714285714285,1e-20,1e-20,1e-20,0.9618592351505288,0.13333333333333333,0.2,0.9585474366846567,1e-20,1e-20,0.05263157894736842,0.0035353662528643014,0.05555555555555555,1e-20,1e-20,1e-20
Vehicle_17,9414909,655,0.12941176470588237,1e-20,1e-20,1e-20,0.03814076484947111,0.15789473684210525,0.2,0.9585474366846567,0.09090909090909091,1e-20,1e-20,0.005187218291239645,1e-20,1e-20,1e-20,1e-20
Vehicle_17,9414909,656,0.06896551724137931,1e-20,0.08333333333333333,1e-20,0.8374371859296482,1e-20,1e-20,0.9585474366846567,0.05555555555555555,1e-20,1e-20,1e-20,1e-20,1e-20,1e-20,1e-20
Vehicle_17,9414909,657,0.16312056737588654,0.3333333333333333,1e-20,1e-20,0.9674124800755652,0.016129032258064516,1e-20,0.9585474366846567,0.08421052631578947,1e-20,0.07692307692307693,1e-20,1e-20,0.06666666666666667,1e-20,1e-20
Vehicle_17,9414909,658,0.29411764705882354,1e-20,0.041666666666666664,1e-20,0.9674124800755652,1e-20,1e-20,0.04145256331534326,0.018018018018018018,1e-20,1e-20,1e-20,1e-20,1e-20,0.007609598871905925,1e-20
Vehicle_17,9414909,659,0.17903225806451614,1e-20,0.15028901734104047,0.1836734693877551,0.9674124800755652,1e-20,0.0036008359982877144,0.8008934269304403,0.04411764705882353,1e-20,0.05405405405405406,1e-20,1e-20,1e-20,1e-20,1e-20
Vehicle_17,9414909,660,0.02936630602782071,0.002791483711315317,0.04247104247104247,0.04142011834319527,0.9674124800755652,1e-20,1e-20,0.9613603654339529,0.011627906976744186,1e-20,1e-20,1e-20,1e-20,1e-20,0.00848588623372699,0.014499030544154308
Vehicle_17,9414909,661,1e-20,0.002917226220834025,0.08,0.06976744186046512,0.9674124800755652,0.3333333333333333,1e-20,0.9613603654339529,0.05,1e-20,0.023809523809523808,1e-20,0.125,1e-20,1e-20,1e-20
Vehicle_17,9414909,662,0.46875,0.25,0.046875,0.06666666666666667,0.9674124800755652,0.061946902654867256,0.018518518518518517,0.9613603654339529,0.09375,1e-20,0.07758620689655173,1e-20,0.03333333333333333,0.06666666666666667,1e-20,0.13043478260869565
Vehicle_17,9414909,663,0.19545454545454546,1e-20,0.028985507246376812,0.019801980198019802,0.9674124800755652,0.20427807486631017,0.19686800894854586,0.9613603654339529,1e-20,1e-20,1e-20,0.016129032258064516,0.10087719298245613,0.05,0.04861111111111111,0.04078549848942598
Vehicle_17,9414909,664,0.19321533923303835,1e-20,0.06578947368421052,0.07317073170731707,0.9674124800755652,0.28054298642533937,0.28343949044585987,0.9613603654339529,0.03333333333333333,1e-20,0.038461538461538464,1e-20,0.19534883720930232,1e-20,0.15384615384615385,0.12162162162162163
Vehicle_17,9414909,665,0.17587301587301588,0.08333333333333333,0.13342696629213482,0.1547085201793722,0.9674124800755652,0.3240857503152585,0.3799019607843137,0.9613603654339529,0.22081218274111675,1e-20,0.04,1e-20,0.11428571428571428,0.0625,0.189873417721519,0.17229729729729729
Vehicle_17,9414909,666,0.40562248995983935,0.06666666666666667,0.025179856115107913,0.01977401129943503,0.9674124800755652,0.08590308370044053,0.08501118568232663,0.9613603654339529,0.015772870662460567,1e-20,0.036036036036036036,0.03389830508474576,0.036101083032490974,0.02127659574468085,0.016260162601626018,0.01511879049676026
Vehicle_17,9414909,667,0.012728459530026109,1e-20,0.046511627906976744,0.044444444444444446,0.9674124800755652,0.1652542372881356,0.16595744680851063,0.9613603654339529,0.09009009009009009,1e-20,0.08695652173913043,1e-20,0.06944444444444445,0.04,0.05172413793103448,0.034482758620689655
Vehicle_17,9414909,668,0.03614457831325301,0.125,1e-20,1e-20,0.9674124800755652,0.0774077407740774,0.06842923794712286,0.9613603654339529,1e-20,1e-20,1e-20,0.02531645569620253,0.09246575342465753,1e-20,0.08333333333333333,0.057971014492753624
Vehicle_17,9414909,669,0.00702576112412178,0.38636363636363635,1e-20,1e-20,0.9674124800755652,0.007936507936507936,0.00510204081632653,0.9613603654339529,1e-20,1e-20,1e-20,1e-20,0.003115264797507788,1e-20,0.05128205128205128,0.058823529411764705
Vehicle_17,9414909,670,0.06666666666666667,0.07407407407407407,0.1111111111111111,1e-20,0.9674124800755652,1e-20,1e-20,0.9613603654339529,1e-20,1e-20,1e-20,1e-20,0.037037037037037035,0.0009216125701911212,0.03676470588235294,0.04716981132075472
Vehicle_17,9414909,671,0.13636363636363635,0.06451612903225806,0.16666666666666666,0.5,0.9674124800755652,0.05263157894736842,0.1111111111111111,0.9613603654339529,1.0,1e-20,1e-20,1e-20,1e-20,0.0008007453478709743,0.037037037037037035,0.04516129032258064
Vehicle_17,9414909,672,0.11428571428571428,1e-20,1e-20,1e-20,0.9674124800755652,0.02531645569620253,0.023529411764705882,0.9613603654339529,1e-20,1e-20,1e-20,1e-20,1e-20,1e-20,0.08139534883720931,0.061224489795918366
Vehicle_17,9414909,673,0.09090909090909091,1e-20,1e-20,1e-20,0.9674124800755652,1e-20,1e-20,0.9613603654339529,1e-20,1e-20,1e-20,0.0003223125928537255,1e-20,0.00014604789363684435,0.06349206349206349,0.08064516129032258
Vehicle_17,9414909,674,0.09523809523809523,1e-20,1e-20,1e-20,0.9674124800755652,1e-20,1e-20,0.9613603654339529,1e-20,1e-20,1e-20,1e-20,1e-20,0.00037771006975045955,0.0603448275862069,0.035175879396984924
Vehicle_17,9414909,675,0.03389830508474576,1e-20,1e-20,1e-20,0.9674124800755652,0.046511627906976744,0.047619047619047616,0.9613603654339529,1e-20,1e-20,1e-20,1e-20,0.09090909090909091,0.0002417344446402941,1e-20,0.008695652173913044
Vehicle_17,9414909,676,0.010752688172043012,0.25,1e-20,0.001616599098531967,0.9674124800755652,1e-20,1e-20,0.9613603654339529,1e-20,1e-20,1e-20,0.0009367209729811397,0.05,1e-20,1e-20,0.009523809523809525
Vehicle_17,9414909,677,1e-20,0.06666666666666667,1e-20,1e-20,0.9674124800755652,0.047619047619047616,0.1111111111111111,0.03863963456604718,1e-20,1e-20,0.001616599098531967,1e-20,0.05555555555555555,0.0006949865283408456,1e-20,0.0975609756097561
Vehicle_17,9414909,678,0.18181818181818182,0.16666666666666666,1e-20,1e-20,0.9674124800755652,1e-20,1e-20,0.1792717086834734,1e-20,1e-20,1e-20,1e-20,0.015228426395939087,1e-20,1e-20,0.14925373134328357
Vehicle_17,9414909,679,0.02857142857142857,1e-20,1e-20,1e-20,0.9674124800755652,1e-20,1e-20,0.8008934269304403,0.09375,1e-20,0.3333333333333333,0.0012439251630448468,0.007194244604316547,1e-20,1e-20,1e-20
Vehicle_17,9414909,680,0.08695652173913043,1e-20,0.18181818181818182,0.2,0.9674124800755652,1e-20,1e-20,0.9613603654339529,0.02,1e-20,1e-20,1e-20,1e-20,1e-20,1e-20,1e-20
Vehicle_17,9414909,681,0.011494252873563218,1e-20,0.047619047619047616,0.1111111111111111,0.9674124800755652,1e-20,1e-20,0.9613603654339529,1e-20,1e-20,0.08695652173913043,1e-20,1e-20,1e-20,1e-20,1e-20
Vehicle_17,9414909,682,0.022222222222222223,1e-20,0.1,1e-20,0.9674124800755652,1e-20,0.0009316848387178002,0.9613603654339529,0.0625,1e-20,0.08333333333333333,0.0007302394681842218,1e-20,0.0006899503940775061,0.25,0.16666666666666666
Vehicle_17,9414909,683,0.043478260869565216,1e-20,0.04918032786885246,0.045454545454545456,0.9674124800755652,1e-20,1e-20,0.9613603654339529,1e-20,1e-20,1e-20,0.0007503840052375797,1e-20,0.0007302394681842218,0.02564102564102564,0.07042253521126761
Vehicle_17,9414909,684,0.041666666666666664,0.2413793103448276,1e-20,1e-20,0.9674124800755652,0.2222222222222222,0.3333333333333333,0.9613603654339529,0.16666666666666666,1e-20,0.034482758620689655,1e-20,1e-20,0.000448215949437212,1e-20,1e-20
Vehicle_17,9414909,685,0.27419354838709675,1e-20,0.09090909090909091,0.14285714285714285,0.9674124800755652,1e-20,1e-20,0.9613603654339529,0.05555555555555555,1e-20,1e-20,0.00047843275501724874,1e-20,0.0003676378012237806,1e-20,1e-20
Vehicle_17,9414909,686,0.21311475409836064,0.125,0.18181818181818182,0.25,0.9674124800755652,1.0,1.0,0.9613603654339529,1e-20,1e-20,1e-20,0.0006043361116007353,0.0004834688892805882,0.0002820235187470098,0.14285714285714285,0.08333333333333333
Vehicle_17,9414909,687,0.0873015873015873,1e-20,0.09090909090909091,0.0625,0.9674124800755652,0.2857142857142857,0.4,0.9613603654339529,0.043478260869565216,1e-20,0.009708737864077669,1e-20,1e-20,1e-20,0.0975609756097561,0.13333333333333333
Vehicle_17,9414909,688,0.2777777777777778,0.14084507042253522,1e-20,1e-20,0.9674124800755652,1e-20,1e-20,0.9613603654339529,1e-20,1e-20,0.0111731843575419,0.0006043361116007353,0.0004834688892805882,0.0002820235187470098,0.043478260869565216,0.032467532467532464
Vehicle_17,9414909,689,0.015228426395939087,0.07272727272727272,0.18421052631578946,0.09523809523809523,0.03258751992443474,1e-20,1e-20,0.9613603654339529,1e-20,1e-20,0.05555555555555555,1e-20,0.0005841915745473774,0.0003474932641704228,1e-20,0.05714285714285714
Vehicle_17,9414909,690,0.06060606060606061,0.07142857142857142,0.11587982832618025,0.1836734693877551,0.8513274336283185,1e-20,1e-20,0.9613603654339529,0.09090909090909091,1e-20,0.03937007874015748,1e-20,1e-20,1e-20,0.09433962264150944,0.1598360655737705
Vehicle_17,9414909,691,0.19642857142857142,0.1951219512195122,0.14511873350923482,0.15897435897435896,0.9618592351505288,0.058823529411764705,0.09090909090909091,0.9613603654339529,0.16666666666666666,1e-20,0.07142857142857142,0.0003323848613804044,0.00044317981517387256,0.00028705965301034924,0.125,0.16176470588235295
Vehicle_17,9414909,692,0.25609756097560976,0.2391304347826087,0.09407665505226481,0.09294871794871795,0.9618592351505288,1e-20,1e-20,0.9613603654339529,0.037037037037037035,1e-20,0.061371841155234655,0.00030216805580036765,0.0002920957872736887,0.0001410117593735049,0.11538461538461539,0.1366906474820144
Vehicle_17,9414909,693,0.13580246913580246,0.12,0.015015015015015015,0.0273972602739726,0.03814076484947111,1e-20,1e-20,0.9613603654339529,0.11764705882352941,1e-20,0.125,1e-20,1e-20,1e-20,0.061224489795918366,0.17037037037037037
Vehicle_17,9414909,694,0.1414141414141414,0.13953488372093023,0.1037344398340249,0.1111111111111111,0.8374371859296482,1e-20,1e-20,0.9613603654339529,1e-20,1e-20,0.04434589800443459,0.0005187218291239645,1e-20,0.00017626469921688112,0.0625,0.16783216783216784
Vehicle_17,9414909,695,0.01694915254237288,0.16216216216216217,0.0365296803652968,1e-20,0.03258751992443474,1e-20,1e-20,0.9613603654339529,0.3333333333333333,1e-20,0.046875,1e-20,0.0019489839599123712,0.001344647848311636,1e-20,0.07352941176470588
Vehicle_17,9414909,696,0.14285714285714285,1e-20,0.018867924528301886,0.006123939264220784,0.8513274336283185,0.004401581346158688,0.002392163775086244,0.9613603654339529,1e-20,1e-20,1e-20,1e-20,1e-20,0.0006899503940775061,1e-20,1e-20
Vehicle_17,9414909,697,0.08,0.16666666666666666,1e-20,1e-20,0.9618592351505288,1e-20,1e-20,0.9613603654339529,1e-20,1e-20,1e-20,1e-20,1.0,0.0023115856268728125,0.16666666666666666,0.14285714285714285
Vehicle_17,9414909,698,1e-20,1e-20,0.009615384615384616,0.011428571428571429,0.9618592351505288,1e-20,1e-20,0.9613603654339529,1e-20,1e-20,1e-20,1e-20,1e-20,1e-20,0.09523809523809523,0.10256410256410256
Vehicle_17,9414909,699,0.11764705882352941,0.0967741935483871,0.10416666666666667,0.0784313725490196,0.9618592351505288,0.20833333333333334,0.15384615384615385,0.9613603654339529,1e-20,1e-20,0.015037593984962405,1e-20,1e-20,1e-20,0.018518518518518517,0.015151515151515152
Vehicle_17,9414909,700,0.04310344827586207,1e-20,0.009433962264150943,0.013071895424836602,0.9618592351505288,0.04918032786885246,1e-20,0.9613603654339529,0.08108108108108109,1e-20,1e-20,1e-20,1e-20,1e-20,1e-20,1e-20
Vehicle_17,9414909,701,0.23466666666666666,1e-20,0.1111111111111111,0.16666666666666666,0.9618592351505288,0.04,1e-20,0.9613603654339529,1e-20,1e-20,1e-20,0.2,1e-20,0.17647058823529413,0.125,0.06666666666666667
Vehicle_17,9414909,702,0.07242990654205607,1e-20,1e-20,1e-20,0.9618592351505288,0.20588235294117646,0.19148936170212766,0.9613603654339529,1e-20,1e-20,1e-20,1e-20,1e-20,0.041666666666666664,0.08333333333333333,0.1
Vehicle_17,9414909,703,0.0034129692832764505,0.2,1e-20,1e-20,0.9618592351505288,0.18947368421052632,0.16279069767441862,0.9613603654339529,1e-20,1e-20,1e-20,1e-20,0.041666666666666664,1e-20,0.1111111111111111,0.11764705882352941
Vehicle_17,9414909,704,0.2,1e-20,1e-20,0.0004633243522272304,0.9618592351505288,0.24096385542168675,0.24324324324324326,0.9613603654339529,1e-20,1e-20,1e-20,1e-20,0.037037037037037035,1e-20,0.16666666666666666,0.14285714285714285
Vehicle_17,9414909,705,0.1111111111111111,1e-20,1e-20,1e-20,0.9618592351505288,0.0297029702970297,0.0392156862745098,0.9613603654339529,1e-20,1e-20,1e-20,1e-20,0.08333333333333333,1e-20,0.10869565217391304,0.08256880733944955
Vehicle_17,9414909,706,0.07272727272727272,0.041237113402061855,1e-20,1e-20,0.9618592351505288,1e-20,1e-20,0.9613603654339529,0.1111111111111111,1e-20,1e-20,1e-20,0.06060606060606061,0.0004582882179638909,0.028846153846153848,0.03787878787878788
Vehicle_17,9414909,707,0.20212765957446807,1e-20,0.125,1e-20,0.9618592351505288,1e-20,1e-20,0.9613603654339529,1e-20,1e-20,1e-20,1e-20,1e-20,1e-20,0.045454545454545456,0.049019607843137254
Vehicle_17,9414909,708,0.03255813953488372,0.09090909090909091,0.05555555555555555,0.14285714285714285,0.9618592351505288,1e-20,1e-20,0.03863963456604718,1e-20,1e-20,1e-20,0.000634552917180772,1e-20,1e-20,1e-20,0.01282051282051282
Vehicle_17,9414909,709,0.14084507042253522,1e-20,1e-20,1e-20,0.9618592351505288,1e-20,1e-20,0.8207282913165266,1e-20,1e-20,1e-20,1e-20,1e-20,1e-20,1e-20,1e-20
Vehicle_17,9414909,710,0.005681818181818182,1e-20,1e-20,1e-20,0.9618592351505288,0.06666666666666667,1e-20,0.9585474366846567,0.2857142857142857,1e-20,1e-20,1e-20,0.05,1e-20,1e-20,0.034482758620689655
Vehicle_17,9414909,711,0.125,0.05263157894736842,1e-20,1e-20,0.9618592351505288,1e-20,1e-20,0.9585474366846567,1e-20,1e-20,1e-20,1e-20,1e-20,1e-20,1e-20,0.0035087719298245615
Vehicle_17,9414909,712,0.07179487179487179,1e-20,1e-20,1e-20,0.9618592351505288,0.125,0.16666666666666666,0.9585474366846567,1e-20,1e-20,0.002044670510915821,0.0007856369450809558,0.0047138216704857355,0.0005388663661773223,1e-20,0.03225806451612903
Vehicle_17,9414909,713,0.047058823529411764,1e-20,0.3333333333333333,1.0,0.9618592351505288,1e-20,1e-20,0.9585474366846567,1e-20,1e-20,0.0015863822929519302,0.00045325208370055144,0.0014252259965250673,0.0003374209956437439,1e-20,0.05
Vehicle_17,9414909,714,0.14754098360655737,1e-20,1e-20,1e-20,0.9618592351505288,1e-20,0.0011683831490947548,0.9585474366846567,1e-20,1e-20,1e-20,0.0002920957872736887,1e-20,0.00012590335658348652,0.25,0.0625
Vehicle_17,9414909,715,0.21296296296296297,1e-20,0.0070254072973585475,0.0033943544934907964,0.9618592351505288,1e-20,1e-20,0.9585474366846567,1e-20,1e-20,1e-20,0.0006748419912874878,0.0012842142371515624,1e-20,1e-20,0.0625
Vehicle_17,9414909,716,0.17482517482517482,1e-20,0.02586558557651147,0.01279681716314557,0.9618592351505288,1e-20,1e-20,0.9585474366846567,1e-20,1e-20,0.019091984992319896,1e-20,1e-20,0.0006899503940775061,1e-20,1e-20
Vehicle_17,9414909,717,1e-20,0.0023891076808554516,0.011376627300883842,0.0067383476443481985,0.03814076484947111,0.1111111111111111,0.2,0.9585474366846567,1e-20,1e-20,1e-20,1e-20,1e-20,0.001148238612041397,0.0034598242389142094,1e-20
Vehicle_17,9414909,718,0.08333333333333333,0.0018207515378308914,0.14285714285714285,0.003908040188351421,0.8374371859296482,1e-20,1e-20,0.9585474366846567,1e-20,1e-20,1e-20,1e-20,0.3333333333333333,1e-20,0.004794399818699166,1e-20
Vehicle_17,9414909,719,0.06521739130434782,1e-20,0.05263157894736842,1e-20,0.9674124800755652,1e-20,1e-20,0.9585474366846567,1e-20,1e-20,1e-20,1e-20,1e-20,1.0,0.2,0.14285714285714285
Vehicle_17,9414909,720,0.08661417322834646,1e-20,1e-20,1e-20,0.9674124800755652,1e-20,1e-20,0.9585474366846567,0.03125,1e-20,0.046511627906976744,1e-20,1e-20,1e-20,1e-20,1e-20
Vehicle_17,9414909,721,0.05459770114942529,1e-20,0.043478260869565216,1e-20,0.9674124800755652,0.14285714285714285,1e-20,0.9585474366846567,0.10256410256410256,1e-20,1e-20,1e-20,1e-20,1e-20,1e-20,1e-20
Vehicle_17,9414909,722,0.1095890410958904,1e-20,0.1111111111111111,1e-20,0.03258751992443474,1e-20,1e-20,0.9585474366846567,1e-20,1e-20,1e-20,1e-20,1e-20,1e-20,1e-20,1e-20
Vehicle_17,9414909,723,0.011494252873563218,1e-20,1e-20,1e-20,0.8513274336283185,1e-20,1e-20,0.9585474366846567,0.14285714285714285,1e-20,0.08571428571428572,0.002407272177876262,1e-20,1e-20,0.25,0.09523809523809523
Vehicle_17,9414909,724,1e-20,1e-20,1e-20,1e-20,0.03814076484947111,0.17647058823529413,1e-20,0.9585474366846567,0.02564102564102564,1e-20,1e-20,1e-20,1e-20,1e-20,1e-20,1e-20
Vehicle_17,9414909,725,0.04040404040404041,1e-20,1e-20,1e-20,0.8374371859296482,1e-20,1e-20,0.9585474366846567,0.03333333333333333,1e-20,1e-20,1e-20,1e-20,0.0006144083801274142,0.5,0.125
Vehicle_17,9414909,726,0.04,1e-20,1e-20,1e-20,0.9674124800755652,1e-20,1e-20,0.9585474366846567,0.06818181818181818,1e-20,1e-20,0.0014252259965250673,1e-20,1e-20,1e-20,1e-20
Vehicle_17,9414909,727,0.09523809523809523,1e-20,0.3333333333333333,1e-20,0.9674124800755652,0.014861632211114749,0.007418225769899025,0.9585474366846567,0.08695652173913043,1e-20,1e-20,1e-20,1e-20,1e-20,1e-20,1e-20
Vehicle_17,9414909,728,0.15648854961832062,1e-20,0.125,1e-20,0.9674124800755652,0.3333333333333333,1e-20,0.04145256331534326,0.04,1e-20,1e-20,1e-20,1e-20,1e-20,1e-20,1e-20
Vehicle_17,9414909,729,0.02888086642599278,1e-20,1e-20,1e-20,0.9674124800755652,1e-20,1e-20,0.8008934269304403,1e-20,1e-20,0.0016317075013219853,0.0006647697227608088,0.009795281142195252,0.0004985772920706066,0.007785863571122806,0.1
Vehicle_17,9414909,730,1e-20,0.002379048280093955,1.0,1.0,0.9674124800755652,1e-20,1e-20,0.9613603654339529,0.0024022360436129226,1e-20,0.0010072268526678922,0.000513685694860625,0.010903230680129931,0.0003474932641704228,1e-20,1e-20
Vehicle_17,9414909,731,0.2222222222222222,0.045454545454545456,1e-20,1e-20,0.9674124800755652,0.09580838323353294,0.0958904109589041,0.9613603654339529,1e-20,1e-20,1e-20,1e-20,0.06557377049180328,0.00031224032432704653,0.07792207792207792,0.07482993197278912
Vehicle_17,9414909,732,1e-20,0.21739130434782608,1e-20,1e-20,0.9674124800755652,0.021052631578947368,0.012048192771084338,0.9613603654339529,1e-20,1e-20,1e-20,0.0008259260191876716,0.011111111111111112,0.0005187218291239645,0.036585365853658534,0.05625
Vehicle_17,9414909,733,0.010869565217391304,0.08695652173913043,1e-20,1e-20,0.9674124800755652,1e-20,1e-20,0.9613603654339529,1e-20,1e-20,0.0014957318762118198,0.0007503840052375797,0.00684931506849315,1e-20,0.017857142857142856,0.025
Vehicle_17,9414909,734,1e-20,0.02857142857142857,0.14285714285714285,0.25,0.9674124800755652,1e-20,1e-20,0.9613603654339529,1e-20,1e-20,0.25,1e-20,1e-20,0.0007806008108176164,0.020833333333333332,0.020833333333333332
Vehicle_17,9414909,735,0.18823529411764706,1e-20,1e-20,1e-20,0.9674124800755652,1e-20,1e-20,0.9613603654339529,0.045454545454545456,1e-20,1e-20,1e-20,1e-20,1e-20,1e-20,0.02702702702702703
Vehicle_17,9414909,736,0.10245901639344263,0.25,0.1,1e-20,0.9674124800755652,1e-20,0.00382746204013799,0.9613603654339529,0.0967741935483871,1e-20,1e-20,1e-20,1e-20,1e-20,0.029411764705882353,0.0273972602739726
Vehicle_17,9414909,737,0.16022099447513813,1e-20,1e-20,1e-20,0.9674124800755652,1e-20,1e-20,0.9613603654339529,0.06451612903225806,1e-20,1e-20,1e-20,1e-20,0.0009216125701911212,1e-20,1e-20
Vehicle_17,9414909,738,0.09259259259259259,1e-20,0.5,1e-20,0.9674124800755652,1e-20,1e-20,0.9613603654339529,1e-20,1e-20,1e-20,1e-20,1e-20,0.0009870823156145343,1e-20,1e-20
Vehicle_17,9414909,739,0.1497326203208556,1e-20,1e-20,0.005242615768136378,0.9674124800755652,1e-20,1e-20,0.9613603654339529,1e-20,1e-20,1e-20,1e-20,1e-20,1e-20,1e-20,1e-20
Vehicle_17,9414909,740,0.047619047619047616,1e-20,0.14285714285714285,1e-20,0.9674124800755652,1e-20,1e-20,0.9613603654339529,0.05,1e-20,1e-20,0.0010978772694080023,1e-20,1e-20,1e-20,1e-20
Vehicle_17,9414909,741,0.11805555555555555,1e-20,0.058823529411764705,1e-20,0.9674124800755652,1e-20,1e-20,0.9613603654339529,0.041666666666666664,1e-20,1e-20,1e-20,1e-20,1e-20,1e-20,1e-20
Vehicle_17,9414909,742,0.125,1e-20,1e-20,1e-20,0.03258751992443474,0.18181818181818182,0.25,0.9613603654339529,0.029411764705882353,1e-20,1e-20,1e-20,1e-20,1e-20,1e-20,0.13636363636363635
Vehicle_17,9414909,743,0.2,0.08333333333333333,0.023809523809523808,0.2,0.8513274336283185,1e-20,1e-20,0.9613603654339529,1e-20,1e-20,1e-20,1e-20,1e-20,1e-20,1e-20,0.027777777777777776
Vehicle_17,9414909,744,0.013605442176870748,0.07142857142857142,1e-20,1e-20,0.9618592351505288,1e-20,1e-20,0.9613603654339529,1e-20,1e-20,1e-20,0.0007050587968675245,1e-20,1e-20,1e-20,0.05714285714285714
Vehicle_17,9414909,745,0.09090909090909091,1e-20,1e-20,1e-20,0.9618592351505288,1e-20,1e-20,0.9613603654339529,1e-20,1e-20,1e-20,1e-20,1e-20,1e-20,1e-20,1e-20
Vehicle_17,9414909,746,0.10596026490066225,1e-20,1e-20,1e-20,0.9618592351505288,1e-20,1e-20,0.9613603654339529,1e-20,1e-20,1e-20,1e-20,1e-20,6.043361116007352e-05,1e-20,0.07692307692307693
Vehicle_17,9414909,747,0.043859649122807015,0.5,1e-20,1e-20,0.9618592351505288,1e-20,1e-20,0.9613603654339529,0.09090909090909091,1e-20,1e-20,0.00030216805580036765,0.0023669831037695464,0.0001007226852667892,1e-20,1e-20
Vehicle_17,9414909,748,0.023809523809523808,0.2,0.2222222222222222,0.16666666666666666,0.9618592351505288,0.25,0.25,0.9613603654339529,1e-20,1e-20,1e-20,0.0009467932415078185,1e-20,0.0007453478709742401,0.06666666666666667,0.03125
Vehicle_17,9414909,749,0.06521739130434782,1e-20,0.0625,0.1111111111111111,0.9618592351505288,1e-20,1e-20,0.9613603654339529,1e-20,1e-20,1e-20,1e-20,1e-20,0.0006144083801274142,1e-20,0.05555555555555555
Vehicle_17,9414909,750,0.17699115044247787,0.16666666666666666,0.25,1e-20,0.9618592351505288,0.14285714285714285,1e-20,0.9613603654339529,1e-20,1e-20,1e-20,1e-20,1e-20,0.0006043361116007353,1e-20,0.06451612903225806
Vehicle_17,9414909,751,0.14814814814814814,0.125,0.05555555555555555,1e-20,0.9618592351505288,1e-20,1e-20,0.03863963456604718,0.06666666666666667,1e-20,1e-20,1e-20,1e-20,1e-20,1e-20,1e-20
Vehicle_17,9414909,752,0.025477707006369428,1e-20,1e-20,1e-20,0.9618592351505288,1e-20,1e-20,0.8207282913165266,0.03125,1e-20,1e-20,1e-20,1e-20,0.0003374209956437439,1e-20,0.058823529411764705
Vehicle_17,9414909,753,0.12631578947368421,1e-20,1e-20,1e-20,0.9618592351505288,1e-20,1e-20,0.9585474366846567,0.1111111111111111,1e-20,1e-20,1e-20,1e-20,1e-20,1e-20,1e-20
Vehicle_17,9414909,754,0.24087591240875914,1e-20,1e-20,1e-20,0.9618592351505288,0.0018532974089089215,0.0008561428247677083,0.9585474366846567,1e-20,1e-20,1e-20,0.0009467932415078185,0.3333333333333333,1e-20,1e-20,1e-20
Vehicle_17,9414909,755,0.19021739130434784,1e-20,1e-20,1e-20,0.9618592351505288,1e-20,1e-20,0.9585474366846567,1e-20,1e-20,1e-20,1e-20,1e-20,1e-20,1e-20,1e-20
Vehicle_17,9414909,756,0.03260869565217391,1e-20,1e-20,1e-20,0.9618592351505288,1e-20,1e-20,0.9585474366846567,0.047619047619047616,1e-20,1e-20,1e-20,1e-20,0.0002165537733235968,1e-20,1e-20
Vehicle_17,9414909,757,0.07894736842105263,1e-20,1e-20,1e-20,0.9618592351505288,1e-20,1e-20,0.9585474366846567,0.047619047619047616,1e-20,1e-20,0.0008762873618210662,1e-20,0.0008007453478709743,0.1111111111111111,0.06666666666666667
Vehicle_17,9414909,758,0.1111111111111111,1e-20,1e-20,1e-20,0.9618592351505288,1e-20,1e-20,0.9585474366846567,1e-20,1e-20,1e-20,1e-20,0.0006798781255508272,1e-20,1e-20,1e-20
Vehicle_17,9414909,759,0.15584415584415584,0.1111111111111111,1e-20,1e-20,0.9618592351505288,0.1,0.5,0.9585474366846567,1e-20,1e-20,0.0041841004184100415,1e-20,1e-20,1e-20,1e-20,0.008
Vehicle_17,9414909,760,0.1111111111111111,1e-20,0.023809523809523808,1e-20,0.9618592351505288,0.2222222222222222,0.4,0.9585474366846567,0.07692307692307693,1e-20,1e-20,0.0007050587968675245,0.000961901644297837,0.0005590109032306801,1e-20,0.05555555555555555
Vehicle_17,9414909,761,0.17543859649122806,0.1111111111111111,0.045454545454545456,1e-20,0.9618592351505288,0.2222222222222222,1e-20,0.9585474366846567,0.10526315789473684,1e-20,1e-20,0.0004230352781205147,1e-20,0.0002467705789036336,0.05263157894736842,0.08064516129032258
Vehicle_17,9414909,762,0.3048780487804878,0.047619047619047616,1e-20,1e-20,0.9618592351505288,0.125,1e-20,0.9585474366846567,0.11764705882352941,1e-20,1e-20,0.00042807141238385414,0.0005841915745473774,1e-20,1e-20,0.020833333333333332
Vehicle_17,9414909,763,0.11585365853658537,0.02702702702702703,1e-20,1e-20,0.9618592351505288,1e-20,1e-20,0.9585474366846567,0.08333333333333333,1e-20,1e-20,1e-20,0.0006798781255508272,0.00021151763906025734,0.05555555555555555,0.08333333333333333
Vehicle_17,9414909,764,0.2033898305084746,1e-20,1e-20,1e-20,0.9618592351505288,0.3333333333333333,0.00023669831037695464,0.9585474366846567,0.13333333333333333,1e-20,0.1,1e-20,1e-20,1e-20,0.15,0.07692307692307693
Vehicle_17,9414909,765,0.275,1e-20,1e-20,1e-20,0.9618592351505288,1e-20,1e-20,0.9585474366846567,1e-20,1e-20,1e-20,1e-20,1e-20,1e-20,0.08163265306122448,0.0989010989010989
Vehicle_17,9414909,766,0.0196078431372549,0.32558139534883723,1e-20,1e-20,0.9618592351505288,1e-20,1e-20,0.9585474366846567,1e-20,1e-20,1e-20,0.0007604562737642585,1e-20,0.0006043361116007353,0.11904761904761904,0.08080808080808081
Vehicle_17,9414909,767,0.16666666666666666,0.08955223880597014,0.07692307692307693,0.3333333333333333,0.9618592351505288,1e-20,1e-20,0.9585474366846567,1e-20,1e-20,1e-20,0.0010122629869312315,1e-20,1e-20,0.019230769230769232,0.008403361344537815
Vehicle_17,9414909,768,0.16666666666666666,1e-20,1e-20,1e-20,0.9618592351505288,1e-20,1e-20,0.9585474366846567,0.1,1e-20,1e-20,1e-20,1e-20,1e-20,1e-20,1e-20
Vehicle_17,9414909,769,0.07692307692307693,1e-20,1e-20,0.010107521466522298,0.03814076484947111,0.045454545454545456,0.09090909090909091,0.9585474366846567,1e-20,1e-20,1e-20,1e-20,0.0032382343313272733,1e-20,1e-20,1e-20
Vehicle_17,9414909,770,0.016129032258064516,0.0022935433736212332,1e-20,1e-20,0.8374371859296482,0.1111111111111111,0.1111111111111111,0.9585474366846567,1e-20,1e-20,1e-20,0.5,1e-20,1e-20,1e-20,1e-20
Vehicle_17,9414909,771,0.02857142857142857,1e-20,0.2,0.002382091506559565,0.9674124800755652,1e-20,1e-20,0.9585474366846567,0.0625,1e-20,1e-20,1e-20,1e-20,1e-20,1e-20,1e-20
Vehicle_17,9414909,772,0.034722222222222224,1e-20,1e-20,1e-20,0.9674124800755652,0.2,0.3333333333333333,0.9585474366846567,1e-20,1e-20,1e-20,1e-20,1e-20,1e-20,1e-20,1e-20
Vehicle_17,9414909,773,1e-20,1e-20,1e-20,1e-20,0.9674124800755652,0.25,1e-20,0.9585474366846567,0.0625,1e-20,1e-20,1e-20,1e-20,1e-20,1e-20,1e-20
Vehicle_17,9414909,774,0.09027777777777778,1e-20,0.125,0.14285714285714285,0.9674124800755652,1e-20,1e-20,0.9585474366846567,0.05,1e-20,1e-20,1e-20,1e-20,1e-20,0.2,0.07692307692307693
Vehicle_17,9414909,775,0.11450381679389313,1e-20,0.08333333333333333,0.07142857142857142,0.9674124800755652,0.3333333333333333,0.5,0.04145256331534326,1e-20,1e-20,1e-20,1e-20,1e-20,1e-20,0.05405405405405406,0.05172413793103448
Vehicle_17,9414909,776,0.017341040462427744,1e-20,1e-20,1e-20,0.9674124800755652,1e-20,1e-20,0.8008934269304403,1e-20,1e-20,1e-20,1e-20,0.16666666666666666,1e-20,1e-20,1e-20
Vehicle_17,9414909,777,0.017241379310344827,1e-20,0.0625,0.045454545454545456,0.9674124800755652,1e-20,1e-20,0.9613603654339529,1e-20,1e-20,1e-20,0.0009367209729811397,1e-20,1e-20,1e-20,0.1
Vehicle_17,9414909,778,0.037037037037037035,1e-20,1e-20,1e-20,0.9674124800755652,0.0625,0.16666666666666666,0.9613603654339529,1e-20,1e-20,1e-20,1e-20,1e-20,1e-20,0.041666666666666664,0.02631578947368421
Vehicle_17,9414909,779,0.022058823529411766,1e-20,0.14285714285714285,0.14285714285714285,0.9674124800755652,1e-20,1e-20,0.9613603654339529,0.06666666666666667,1e-20,0.3333333333333333,1e-20,1e-20,0.0007050587968675245,1e-20,1e-20
Vehicle_17,9414909,780,0.08433734939759036,0.2,1e-20,1e-20,0.9674124800755652,0.13333333333333333,1e-20,0.9613603654339529,1e-20,1e-20,1e-20,1e-20,1e-20,1e-20,0.125,0.1
Vehicle_17,9414909,781,0.19,1e-20,0.06666666666666667,0.125,0.9674124800755652,1e-20,0.0007252033339208824,0.9613603654339529,0.09090909090909091,1e-20,1e-20,0.0008561428247677083,1e-20,0.0005439025004406618,1e-20,1e-20
Vehicle_17,9414909,782,0.16666666666666666,1e-20,1e-20,1e-20,0.9674124800755652,1e-20,1e-20,0.9613603654339529,1e-20,1e-20,1e-20,1e-20,1e-20,1e-20,1e-20,1e-20
Vehicle_17,9414909,783,0.035211267605633804,1e-20,0.0945945945945946,0.0975609756097561,0.9674124800755652,0.1111111111111111,0.14285714285714285,0.9613603654339529,1e-20,1e-20,1e-20,1e-20,1e-20,2.5180671316697293e-05,0.11904761904761904,0.13333333333333333
Vehicle_17,9414909,784,0.10843373493975904,0.04,0.1702127659574468,0.14893617021276595,0.9674124800755652,1e-20,1e-20,0.9613603654339529,0.07142857142857142,1e-20,1e-20,0.0011633470148314153,0.0021353209276559313,0.0009870823156145343,0.12195121951219512,0.08333333333333333
Vehicle_17,9414909,785,1e-20,0.027777777777777776,0.09574468085106383,0.06382978723404255,0.9674124800755652,0.125,0.25,0.9613603654339529,1e-20,1e-20,1e-20,1e-20,1e-20,1e-20,0.11363636363636363,0.05813953488372093
Vehicle_17,9414909,786,0.10526315789473684,0.13157894736842105,0.19117647058823528,0.21052631578947367,0.9674124800755652,1e-20,1e-20,0.9613603654339529,1e-20,1e-20,1e-20,0.00047843275501724874,0.0009518293757711581,0.0003676378012237806,0.10526315789473684,0.05555555555555555
Vehicle_17,9414909,787,0.22994652406417113,0.14583333333333334,0.03225806451612903,1e-20,0.9674124800755652,0.17647058823529413,0.18181818181818182,0.9613603654339529,0.13043478260869565,1e-20,1e-20,1e-20,1.0,0.0003474932641704228,0.13043478260869565,0.11403508771929824
Vehicle_17,9414909,788,0.024390243902439025,0.1276595744680851,0.09375,0.14285714285714285,0.9674124800755652,0.14285714285714285,0.2,0.9613603654339529,1e-20,1e-20,1e-20,0.00047843275501724874,1e-20,0.0003676378012237806,0.07462686567164178,0.05405405405405406
Vehicle_17,9414909,789,1e-20,0.06896551724137931,1e-20,1e-20,0.9674124800755652,0.07692307692307693,0.09090909090909091,0.9613603654339529,0.08,1e-20,1e-20,0.0003626016669604412,1e-20,1e-20,0.029411764705882353,0.039473684210526314
Vehicle_17,9414909,790,0.06140350877192982,0.09523809523809523,0.0707070707070707,0.12280701754385964,0.9674124800755652,0.16666666666666666,0.16666666666666666,0.9613603654339529,1e-20,1e-20,0.02702702702702703,1e-20,1e-20,0.0006144083801274142,0.0851063829787234,0.1
Vehicle_17,9414909,791,0.11594202898550725,0.19642857142857142,0.007633587786259542,0.010752688172043012,0.9674124800755652,0.1,0.125,0.9613603654339529,0.08333333333333333,1e-20,1e-20,1e-20,0.0003928184725404779,0.00012590335658348652,0.014705882352941176,0.025210084033613446
Vehicle_17,9414909,792,0.11042944785276074,0.03571428571428571,0.02,1e-20,0.9674124800755652,0.047619047619047616,0.06666666666666667,0.9613603654339529,1e-20,1e-20,1e-20,0.000579155440284038,0.000961901644297837,0.00042807141238385414,0.15151515151515152,0.10606060606060606
Vehicle_17,9414909,793,0.296875,1e-20,0.17857142857142858,0.3333333333333333,0.9674124800755652,0.16666666666666666,0.1111111111111111,0.9613603654339529,0.08,1e-20,0.08333333333333333,1e-20,0.0009518293757711581,0.00042807141238385414,0.06521739130434782,0.08450704225352113
Vehicle_17,9414909,794,0.005780346820809248,1e-20,0.05172413793103448,0.029411764705882353,0.9674124800755652,1e-20,1e-20,0.9613603654339529,1e-20,1e-20,0.010256410256410256,1e-20,1e-20,0.0007453478709742401,0.07692307692307693,0.05063291139240506
Vehicle_17,9414909,795,0.03333333333333333,0.041666666666666664,0.01694915254237288,1e-20,0.03258751992443474,1e-20,0.0018432251403822425,0.9613603654339529,1e-20,1e-20,0.08333333333333333,0.0012539974315715257,1e-20,0.0010324075239845894,0.04,0.10909090909090909
Vehicle_17,9414909,796,1e-20,0.07142857142857142,0.07480314960629922,0.1111111111111111,0.8513274336283185,0.1111111111111111,1e-20,0.9613603654339529,1e-20,1e-20,0.03857566765578635,1e-20,0.0020043814368091053,0.0010777327323546447,0.11764705882352941,0.14166666666666666
Vehicle_17,9414909,797,0.06666666666666667,0.06666666666666667,0.06206896551724138,0.04285714285714286,0.9618592351505288,1e-20,1e-20,0.9613603654339529,1e-20,1e-20,0.03875968992248062,1e-20,1e-20,1e-20,0.11764705882352941,0.1111111111111111
Vehicle_17,9414909,798,0.08035714285714286,0.024390243902439025,1e-20,1e-20,0.9618592351505288,1e-20,1e-20,0.9613603654339529,1e-20,1e-20,1e-20,1e-20,1e-20,1e-20,1e-20,1e-20
Vehicle_17,9414909,799,0.06299212598425197,1e-20,1e-20,0.002361946969506207,0.9618592351505288,1e-20,1e-20,0.9613603654339529,0.07407407407407407,1e-20,1e-20,1e-20,1e-20,1e-20,1e-20,0.1
Vehicle_17,9414909,800,0.060240963855421686,1e-20,1e-20,1e-20,0.9618592351505288,1e-20,1e-20,0.9613603654339529,0.05357142857142857,1e-20,1e-20,1e-20,0.06666666666666667,1e-20,1e-20,1e-20
Vehicle_17,9414909,801,0.17557251908396945,0.003566057569950558,0.25,1e-20,0.9618592351505288,1e-20,0.010631279429909601,0.03863963456604718,0.05714285714285714,1e-20,1e-20,1e-20,1e-20,1e-20,1e-20,1e-20
Vehicle_17,9414909,802,0.15517241379310345,0.0027562758086500786,0.07692307692307693,1e-20,0.9618592351505288,1e-20,0.005423916601616599,0.8207282913165266,0.037037037037037035,1e-20,1e-20,0.001475587339158462,1e-20,0.0012942865056782414,1e-20,1e-20
Vehicle_17,9414909,803,0.04054054054054054,1e-20,1e-20,1e-20,0.9618592351505288,1e-20,1e-20,0.9585474366846567,1e-20,1e-20,1e-20,1e-20,1e-20,1e-20,1e-20,1e-20
Vehicle_17,9414909,804,0.0070921985815602835,1e-20,0.05263157894736842,1e-20,0.9618592351505288,1e-20,0.0006043361116007353,0.9585474366846567,1e-20,1e-20,1e-20,1e-20,1e-20,0.0003474932641704228,1e-20,1e-20
Vehicle_17,9414909,805,0.034482758620689655,1e-20,0.07692307692307693,0.08333333333333333,0.9618592351505288,1e-20,1e-20,0.9585474366846567,1e-20,1e-20,1e-20,1e-20,1e-20,0.0006144083801274142,0.11764705882352941,0.12195121951219512
Vehicle_17,9414909,806,1e-20,0.12195121951219512,1e-20,1e-20,0.9618592351505288,1e-20,1e-20,0.9585474366846567,1e-20,1e-20,1e-20,0.0006546974542341299,1e-20,0.0004331075466471936,0.14634146341463414,0.1927710843373494
Vehicle_17,9414909,807,1e-20,0.041666666666666664,1e-20,1e-20,0.9618592351505288,1e-20,1e-20,0.9585474366846567,1e-20,1e-20,1e-20,0.0005237579633873039,1e-20,0.0003223125928537255,0.058823529411764705,0.0962962962962963
Vehicle_17,9414909,808,0.04,0.07407407407407407,0.07692307692307693,1e-20,0.9618592351505288,0.07692307692307693,1e-20,0.9585474366846567,0.05555555555555555,1e-20,0.14285714285714285,1e-20,1e-20,0.0002719512502203309,0.13043478260869565,0.088
Vehicle_17,9414909,809,0.1,0.18181818181818182,0.08333333333333333,1e-20,0.9618592351505288,0.125,1e-20,0.9585474366846567,1e-20,1e-20,1e-20,1e-20,1e-20,0.0002417344446402941,0.05660377358490566,0.05154639175257732
Vehicle_17,9414909,810,0.13333333333333333,0.07272727272727272,0.08333333333333333,0.14285714285714285,0.9618592351505288,0.09090909090909091,0.2857142857142857,0.9585474366846567,0.07142857142857142,1e-20,1e-20,1e-20,1e-20,0.0004582882179638909,0.19230769230769232,0.11290322580645161
Vehicle_17,9414909,811,0.16083916083916083,0.15789473684210525,0.21428571428571427,0.16666666666666666,0.9618592351505288,0.2222222222222222,0.25,0.9585474366846567,0.043478260869565216,1e-20,1e-20,0.0003575655326971017,1e-20,1e-20,0.1111111111111111,0.08633093525179857
Vehicle_17,9414909,812,0.2839506172839506,0.1044776119402985,0.25,0.2222222222222222,0.9618592351505288,0.05263157894736842,1e-20,0.9585474366846567,1e-20,1e-20,1e-20,0.00044317981517387256,1e-20,0.0002669151159569914,0.14583333333333334,0.10891089108910891
Vehicle_17,9414909,813,0.17341040462427745,0.14285714285714285,0.061224489795918366,0.08,0.9618592351505288,0.2413793103448276,0.18181818181818182,0.9585474366846567,0.05555555555555555,1e-20,1e-20,0.0003978546068038174,1e-20,0.0002064815047969179,0.14,0.1111111111111111
Vehicle_17,9414909,814,0.17560975609756097,0.06557377049180328,1e-20,1e-20,0.9618592351505288,1e-20,1e-20,0.9585474366846567,1e-20,1e-20,1e-20,1e-20,1e-20,0.0005187218291239645,0.09803921568627451,0.09375
Vehicle_17,9414909,815,0.015228426395939087,0.2,1e-20,1e-20,0.9618592351505288,1e-20,1e-20,0.9585474366846567,1e-20,1e-20,1e-20,0.0009870823156145343,1e-20,0.0008057814821343137,0.08333333333333333,0.1016949152542373
Vehicle_17,9414909,816,0.15,0.08333333333333333,1e-20,1e-20,0.9618592351505288,1e-20,0.001541057084581875,0.9585474366846567,1e-20,1e-20,1e-20,1e-20,1e-20,0.0006698058570241483,1e-20,1e-20
Vehicle_17,9414909,817,0.03508771929824561,1e-20,0.1,1e-20,0.9618592351505288,0.05555555555555555,0.14285714285714285,0.9585474366846567,0.058823529411764705,1e-20,1e-20,1e-20,1e-20,1e-20,1e-20,1e-20
Vehicle_17,9414909,818,0.09259259259259259,0.2,1e-20,1e-20,0.03814076484947111,1e-20,1e-20,0.9585474366846567,1e-20,1e-20,0.08333333333333333,1e-20,1e-20,1e-20,0.06666666666666667,0.03571428571428571
Vehicle_17,9414909,819,0.11764705882352941,0.0625,0.02631578947368421,0.25,0.8374371859296482,1e-20,1e-20,0.9585474366846567,1e-20,1e-20,1e-20,1e-20,1e-20,1e-20,1e-20,1e-20
Vehicle_17,9414909,820,0.043243243243243246,1e-20,1e-20,1e-20,0.9674124800755652,0.2,1e-20,0.9585474366846567,1e-20,1e-20,1e-20,1e-20,1e-20,1e-20,0.25,0.1111111111111111
Vehicle_17,9414909,821,0.014084507042253521,1e-20,1e-20,1e-20,0.9674124800755652,1e-20,1e-20,0.9585474366846567,1e-20,1e-20,0.043478260869565216,1e-20,1e-20,1e-20,1e-20,0.03125
Vehicle_17,9414909,822,0.009523809523809525,1e-20,0.008928571428571428,1e-20,0.9674124800755652,1e-20,1e-20,0.9585474366846567,0.1111111111111111,1e-20,1e-20,1e-20,1e-20,1e-20,0.07142857142857142,0.05185185185185185
Vehicle_17,9414909,823,0.05263157894736842,1e-20,1e-20,1e-20,0.9674124800755652,1e-20,1e-20,0.9585474366846567,1e-20,1e-20,1e-20,1e-20,1e-20,1e-20,1e-20,1e-20
Vehicle_17,9414909,824,0.07692307692307693,1e-20,1e-20,1e-20,0.9674124800755652,0.16666666666666666,0.16666666666666666,0.9585474366846567,0.09090909090909091,1e-20,1e-20,0.0005338302319139828,1e-20,1e-20,0.2222222222222222,0.15384615384615385
Vehicle_17,9414909,825,0.043478260869565216,1e-20,0.1,0.125,0.9674124800755652,0.08,0.08333333333333333,0.9585474366846567,1e-20,1e-20,1e-20,0.0012489612973081861,1e-20,0.0010122629869312315,0.03773584905660377,0.01904761904761905
Vehicle_17,9414909,826,0.045454545454545456,0.08333333333333333,1e-20,1e-20,0.9674124800755652,0.07142857142857142,0.07692307692307693,0.9585474366846567,1e-20,1e-20,1e-20,1e-20,1e-20,0.000775564676554277,1e-20,1e-20
Vehicle_17,9414909,827,0.05555555555555555,1e-20,1e-20,1e-20,0.9674124800755652,1e-20,1e-20,0.9585474366846567,0.045454545454545456,1e-20,1e-20,1e-20,0.0625,0.0004985772920706066,1e-20,1e-20
Vehicle_17,9414909,828,0.22826086956521738,1e-20,1e-20,1e-20,0.9674124800755652,0.06451612903225806,0.08333333333333333,0.9585474366846567,0.125,1e-20,1e-20,1e-20,1e-20,1e-20,0.1111111111111111,0.05714285714285714
Vehicle_17,9414909,829,0.16216216216216217,0.09375,1e-20,1e-20,0.9674124800755652,1e-20,1e-20,0.9585474366846567,0.0625,1e-20,1e-20,0.00047843275501724874,1e-20,1e-20,1e-20,0.005970149253731343
Vehicle_17,9414909,830,0.2372093023255814,1e-20,1e-20,1e-20,0.9674124800755652,1e-20,1e-20,0.9585474366846567,1e-20,1e-20,1e-20,0.0007604562737642585,0.047619047619047616,1e-20,1e-20,0.024390243902439025
Vehicle_17,9414909,831,0.05581395348837209,0.002821661913599807,0.16666666666666666,0.3333333333333333,0.9674124800755652,0.02857142857142857,1e-20,0.9585474366846567,1e-20,1e-20,1e-20,1e-20,1e-20,0.0005439025004406618,0.0967741935483871,0.06956521739130435
Vehicle_17,9414909,832,0.109375,1e-20,0.2,1e-20,0.9674124800755652,1e-20,1e-20,0.04145256331534326,0.05555555555555555,1e-20,1e-20,1e-20,0.04,0.00015612016216352327,1e-20,0.07792207792207792
Vehicle_17,9414909,833,0.11764705882352941,1e-20,1e-20,1e-20,0.9674124800755652,1e-20,1e-20,0.8008934269304403,1e-20,1e-20,0.0019086948858056557,0.0011633470148314153,0.05641025641025641,0.0009870823156145343,1e-20,0.014652014652014652
Vehicle_17,9414909,834,0.032432432432432434,1e-20,0.3333333333333333,0.3333333333333333,0.9674124800755652,1e-20,1e-20,0.9613603654339529,1e-20,1e-20,0.0010525520610379473,0.00042807141238385414,1e-20,0.0002064815047969179,1e-20,0.010416666666666666
Vehicle_17,9414909,835,0.0625,1e-20,0.25,0.18181818181818182,0.9674124800755652,1e-20,1e-20,0.9613603654339529,1e-20,1e-20,1e-20,0.0006849142598141666,1e-20,0.0005539747689673407,1e-20,1e-20
Vehicle_17,9414909,836,0.20161290322580644,1e-20,0.10714285714285714,0.09090909090909091,0.9674124800755652,1e-20,1e-20,0.9613603654339529,1e-20,1e-20,0.0019086948858056557,0.0007050587968675245,1e-20,1e-20,1e-20,1e-20
Vehicle_17,9414909,837,0.11678832116788321,1e-20,1e-20,1e-20,0.9674124800755652,1e-20,1e-20,0.9613603654339529,0.03571428571428571,1e-20,1e-20,0.000644625185707451,0.125,1e-20,1e-20,1e-20
Vehicle_17,9414909,838,0.15625,1e-20,0.1,1e-20,0.9674124800755652,1e-20,1e-20,0.9613603654339529,0.03225806451612903,1e-20,1e-20,1e-20,1e-20,7.55420139500919e-05,0.16666666666666666,0.13043478260869565
Vehicle_17,9414909,839,0.2108843537414966,1e-20,1e-20,1e-20,0.9674124800755652,1e-20,1e-20,0.9613603654339529,0.1,1e-20,1e-20,0.0006748419912874878,0.0015058041447384987,0.000448215949437212,0.06557377049180328,0.03968253968253968
Vehicle_17,9414909,840,0.18120805369127516,0.058823529411764705,1e-20,1e-20,0.9674124800755652,0.16666666666666666,0.25,0.9613603654339529,1e-20,1e-20,1e-20,0.000513685694860625,1e-20,0.0003474932641704228,0.11627906976744186,0.05263157894736842
Vehicle_17,9414909,841,0.17482517482517482,0.03571428571428571,1e-20,1e-20,0.9674124800755652,1e-20,1e-20,0.9613603654339529,0.058823529411764705,1e-20,0.1111111111111111,0.0005237579633873039,1e-20,0.0003223125928537255,0.1,0.09615384615384616
Vehicle_17,9414909,842,0.0213903743315508,0.13333333333333333,1e-20,1e-20,0.9674124800755652,0.16666666666666666,0.16666666666666666,0.9613603654339529,1e-20,1e-20,1e-20,0.00045325208370055144,1e-20,1e-20,1e-20,1e-20
Vehicle_17,9414909,843,1e-20,0.06666666666666667,1e-20,1e-20,0.9674124800755652,1e-20,1e-20,0.9613603654339529,1e-20,1e-20,1e-20,1e-20,0.0004079268753304963,1e-20,1e-20,1e-20
Vehicle_17,9414909,844,0.11475409836065574,0.16666666666666666,0.047619047619047616,1e-20,0.9674124800755652,1e-20,1e-20,0.9613603654339529,0.1,1e-20,0.07692307692307693,1e-20,1e-20,0.00035252939843376225,0.06896551724137931,0.04918032786885246
Vehicle_17,9414909,845,0.04,0.038461538461538464,0.16666666666666666,0.25,0.9674124800755652,0.5,0.0004633243522272304,0.9613603654339529,0.10526315789473684,1e-20,1e-20,1e-20,0.0006043361116007353,0.0002669151159569914,0.047619047619047616,0.02702702702702703
Vehicle_17,9414909,846,0.2222222222222222,0.08333333333333333,1e-20,1e-20,0.9674124800755652,1e-20,1e-20,0.9613603654339529,0.16666666666666666,1e-20,1e-20,0.0004582882179638909,1e-20,1e-20,1e-20,0.02127659574468085
Vehicle_17,9414909,847,0.3617021276595745,1e-20,1e-20,1e-20,0.03258751992443474,1e-20,1e-20,0.9613603654339529,1e-20,1e-20,0.08333333333333333,1e-20,1e-20,0.00019640923627023895,0.2,0.08695652173913043
Vehicle_17,9414909,848,0.19135802469135801,0.16666666666666666,0.14285714285714285,1e-20,0.8513274336283185,1e-20,1e-20,0.9613603654339529,0.125,1e-20,0.05263157894736842,0.0002467705789036336,1e-20,1e-20,1e-20,0.05660377358490566
Vehicle_17,9414909,849,0.11666666666666667,0.125,1e-20,1e-20,0.9618592351505288,1e-20,1e-20,0.9613603654339529,1e-20,1e-20,1e-20,1e-20,0.00045325208370055144,0.0002417344446402941,1e-20,0.03296703296703297
Vehicle_17,9414909,850,0.015384615384615385,1e-20,1e-20,1e-20,0.9618592351505288,1e-20,1e-20,0.9613603654339529,1e-20,1e-20,1e-20,0.0006647697227608088,0.0011532747463047365,0.0004985772920706066,0.058823529411764705,0.08571428571428572
Vehicle_17,9414909,851,1e-20,1e-20,0.022222222222222223,1e-20,0.9618592351505288,0.0019187671543323345,0.0011633470148314153,0.9613603654339529,1e-20,1e-20,1e-20,0.0002568428474303125,0.0004935411578072672,6.043361116007352e-05,0.09090909090909091,0.043478260869565216
Vehicle_17,9414909,852,1e-20,0.11764705882352941,0.2,1e-20,0.9618592351505288,0.14285714285714285,1e-20,0.9613603654339529,1e-20,1e-20,1e-20,0.0007503840052375797,1e-20,0.0007302394681842218,0.1,0.05
Vehicle_17,9414909,853,0.0449438202247191,1e-20,1e-20,1e-20,0.9618592351505288,1e-20,1e-20,0.9613603654339529,0.0625,1e-20,1e-20,0.0003374209956437439,0.0014504066678417648,0.00012590335658348652,1e-20,1e-20
Vehicle_17,9414909,854,0.12643678160919541,1e-20,1e-20,1e-20,0.9618592351505288,1e-20,1e-20,0.9613603654339529,1e-20,1e-20,1e-20,1e-20,1e-20,0.00017122856495354165,1e-20,1e-20
Vehicle_17,9414909,855,0.08333333333333333,1e-20,1e-20,1e-20,0.9618592351505288,1e-20,1e-20,0.9613603654339529,0.2,1e-20,1e-20,0.0007604562737642585,1e-20,0.0006043361116007353,1e-20,0.05
Vehicle_17,9414909,856,0.008771929824561403,1e-20,0.08333333333333333,0.14285714285714285,0.9618592351505288,1e-20,1e-20,0.9613603654339529,1e-20,1e-20,0.0009870823156145343,1e-20,1e-20,0.0002064815047969179,0.07142857142857142,0.023255813953488372
Vehicle_17,9414909,857,0.058823529411764705,1e-20,0.4,0.25,0.9618592351505288,1e-20,0.005549819958200085,0.9613603654339529,1e-20,1e-20,1e-20,1e-20,1e-20,9.568655100344974e-05,1e-20,0.1
Vehicle_17,9414909,858,0.09375,0.2,0.15384615384615385,0.125,0.9618592351505288,1e-20,1e-20,0.03863963456604718,0.08695652173913043,1e-20,0.0007403117367109007,1e-20,1e-20,0.0002165537733235968,1e-20,0.024390243902439025
Vehicle_17,9414909,859,0.2108843537414966,1e-20,1e-20,1e-20,0.9618592351505288,0.02702702702702703,0.007418225769899025,0.8207282913165266,0.09523809523809523,1e-20,0.0009014680331377635,0.00042807141238385414,1e-20,0.00019640923627023895,0.1,0.004975124378109453
Vehicle_17,9414909,860,0.08053691275167785,1e-20,1e-20,1e-20,0.9618592351505288,1e-20,1e-20,0.9585474366846567,0.13333333333333333,1e-20,1e-20,1e-20,0.017241379310344827,0.0006043361116007353,1e-20,0.045454545454545456
Vehicle_17,9414909,861,0.15584415584415584,1e-20,0.25,1e-20,0.9618592351505288,1e-20,1e-20,0.9585474366846567,1e-20,1e-20,1e-20,0.0002064815047969179,1e-20,3.0216805580036753e-05,1e-20,1e-20
Vehicle_17,9414909,862,0.028089887640449437,1e-20,1e-20,0.001661924306902022,0.9618592351505288,1e-20,1e-20,0.9585474366846567,1e-20,1e-20,0.00261375368267318,0.0007856369450809558,0.002110140256339234,0.0005388663661773223,1e-20,1e-20
Vehicle_17,9414909,863,0.03125,1e-20,1e-20,1e-20,0.9618592351505288,1e-20,0.000382746204013799,0.9585474366846567,0.14285714285714285,1e-20,1e-20,0.0016014906957419485,1e-20,0.0015460932188452144,1e-20,1e-20
Vehicle_17,9414909,864,0.10655737704918032,1e-20,1e-20,1e-20,0.9618592351505288,0.2857142857142857,1e-20,0.9585474366846567,0.17647058823529413,1e-20,1e-20,1e-20,1e-20,1e-20,0.06521739130434782,0.032
Vehicle_17,9414909,865,0.13157894736842105,1e-20,0.125,0.2,0.9618592351505288,0.16666666666666666,1e-20,0.9585474366846567,0.037037037037037035,1e-20,0.003812353637347972,0.0009467932415078185,0.0019489839599123712,0.0007806008108176164,0.13333333333333333,0.05263157894736842
Vehicle_17,9414909,866,0.08588957055214724,1e-20,1e-20,1e-20,0.9618592351505288,0.25,0.2222222222222222,0.9585474366846567,1e-20,1e-20,0.004250497318258504,0.0005640470374940196,0.0013295394455216177,0.00040289074106715684,0.23333333333333334,0.18867924528301888
Vehicle_17,9414909,867,0.1323529411764706,0.044444444444444446,1e-20,1e-20,0.9618592351505288,1e-20,1e-20,0.9585474366846567,1e-20,1e-20,0.1,0.0002920957872736887,1e-20,1e-20,1e-20,1e-20
Vehicle_17,9414909,868,0.10493827160493827,0.0625,1e-20,1e-20,0.9618592351505288,1e-20,1e-20,0.9585474366846567,1e-20,1e-20,1e-20,0.0005640470374940196,0.0006798781255508272,0.0002568428474303125,1e-20,0.08333333333333333
Vehicle_17,9414909,869,0.046153846153846156,1e-20,1e-20,1e-20,0.9618592351505288,1e-20,1e-20,0.9585474366846567,0.0625,1e-20,1e-20,0.0006194445143907537,1e-20,0.0003726739354871201,1e-20,0.03225806451612903
Vehicle_17,9414909,870,0.017543859649122806,1e-20,1e-20,1e-20,0.9618592351505288,1e-20,0.000775564676554277,0.9585474366846567,1e-20,1e-20,0.03333333333333333,1e-20,1e-20,1e-20,0.10714285714285714,0.09090909090909091
Vehicle_17,9414909,871,0.06451612903225806,0.14285714285714285,0.034722222222222224,0.02127659574468085,0.9618592351505288,0.0031072948404804474,0.001475587339158462,0.9585474366846567,1e-20,1e-20,0.037037037037037035,1e-20,1e-20,1e-20,0.12121212121212122,0.11206896551724138
Vehicle_17,9414909,872,0.21428571428571427,0.06451612903225806,1e-20,1e-20,0.9618592351505288,1.0,0.0020497066451791606,0.9585474366846567,1e-20,1e-20,1e-20,1e-20,1e-20,1e-20,1e-20,1e-20
Vehicle_17,9414909,873,0.0392156862745098,1e-20,1e-20,0.01886535895046962,0.03814076484947111,1e-20,1e-20,0.9585474366846567,1e-20,1e-20,1e-20,1e-20,0.07692307692307693,1e-20,1e-20,1e-20
Vehicle_17,9414909,874,0.022388059701492536,0.1,1e-20,1e-20,0.8374371859296482,0.06666666666666667,0.125,0.9585474366846567,0.05,1e-20,1e-20,1e-20,1e-20,1e-20,1e-20,0.029411764705882353
Vehicle_17,9414909,875,0.06315789473684211,1e-20,1e-20,1e-20,0.9674124800755652,1e-20,1e-20,0.9585474366846567,1e-20,1e-20,1e-20,1e-20,1e-20,1e-20,0.14285714285714285,0.0625
Vehicle_17,9414909,876,0.07169811320754717,0.125,0.015873015873015872,0.03125,0.9674124800755652,1e-20,1e-20,0.9585474366846567,0.05128205128205128,1e-20,1e-20,1e-20,0.16666666666666666,1e-20,1e-20,1e-20
Vehicle_17,9414909,877,0.15384615384615385,1e-20,0.3333333333333333,0.42857142857142855,0.9674124800755652,1e-20,1e-20,0.9585474366846567,1e-20,1e-20,1e-20,1e-20,1e-20,1e-20,1e-20,1e-20
Vehicle_17,9414909,878,0.1552346570397112,0.003123443936444706,0.14285714285714285,0.16666666666666666,0.9674124800755652,1e-20,1e-20,0.9585474366846567,1e-20,1e-20,1e-20,1e-20,1e-20,1e-20,1e-20,1e-20
Vehicle_17,9414909,879,0.034482758620689655,1e-20,1e-20,1e-20,0.9674124800755652,1e-20,1e-20,0.04145256331534326,1e-20,1e-20,1e-20,1e-20,1e-20,1e-20,1e-20,0.125
Vehicle_17,9414909,880,0.006289308176100629,1e-20,0.125,0.16666666666666666,0.9674124800755652,1e-20,0.010782363457809785,0.8008934269304403,1e-20,1e-20,1e-20,0.0008158537506609926,0.0703125,1e-20,1e-20,0.28087167070217917
Vehicle_17,9414909,881,0.19736842105263158,1e-20,1e-20,1e-20,0.9674124800755652,1e-20,1e-20,0.03863963456604718,1e-20,1e-20,1e-20,1e-20,1e-20,1e-20,0.03255813953488372,0.01937046004842615
Vehicle_17,9414909,882,0.18604651162790697,0.07142857142857142,0.0016971772467453982,0.0008359982877143505,0.9674124800755652,0.2857142857142857,0.4,0.8207282913165266,1e-20,1e-20,1e-20,1e-20,0.15384615384615385,6.043361116007352e-05,0.208955223880597,0.20567375886524822
Vehicle_17,9414909,883,0.17647058823529413,1e-20,0.08333333333333333,0.2,0.9674124800755652,0.045062320230105465,0.020134228187919462,0.9585474366846567,1e-20,1e-20,0.0013093949084682598,0.0006748419912874878,0.09870627695256348,0.000448215949437212,0.008958566629339306,0.015117581187010079
Vehicle_17,9414909,884,0.171875,0.10344827586206896,1e-20,1e-20,0.9674124800755652,0.038461538461538464,0.04,0.9585474366846567,1e-20,1e-20,0.0003626016669604412,0.0002064815047969179,0.015602836879432624,1e-20,0.1506849315068493,0.175
Vehicle_17,9414909,885,0.08,0.16666666666666666,1e-20,1e-20,0.9674124800755652,0.17857142857142858,0.2,0.9585474366846567,0.125,1e-20,0.0005237579633873039,0.0005187218291239645,0.047619047619047616,0.00017626469921688112,0.058823529411764705,0.08227848101265822
Vehicle_17,9414909,886,0.17142857142857143,0.08,1e-20,1e-20,0.9674124800755652,0.006238859180035651,0.008264462809917356,0.9585474366846567,0.1111111111111111,1e-20,0.0005338302319139828,0.0002568428474303125,0.027586206896551724,8.057814821343136e-05,0.08270676691729323,0.09407665505226481
Vehicle_17,9414909,887,0.13705583756345177,0.038461538461538464,0.25,1e-20,0.9674124800755652,0.07526881720430108,0.058823529411764705,0.9585474366846567,0.1111111111111111,1e-20,1e-20,1e-20,0.014925373134328358,1e-20,0.09243697478991597,0.08365019011406843
Vehicle_17,9414909,888,0.04,0.03571428571428571,1e-20,1e-20,0.9674124800755652,0.12222222222222222,0.09523809523809523,0.9585474366846567,1e-20,1e-20,0.0004633243522272304,0.00025180671316697305,1e-20,3.0216805580036753e-05,0.1650485436893204,0.1388888888888889
Vehicle_17,9414909,889,0.007936507936507936,0.08196721311475409,0.0006647697227608088,0.00030216805580036765,0.9674124800755652,1e-20,1e-20,0.9585474366846567,1.0,1e-20,1e-20,0.0010978772694080023,0.020833333333333332,0.0008259260191876716,1e-20,0.023474178403755867
Vehicle_17,9414909,890,1e-20,1e-20,0.0007856369450809558,0.0004129630095938358,0.9674124800755652,1e-20,1e-20,0.04145256331534326,1e-20,1e-20,0.0010525520610379473,0.0003575655326971017,0.07692307692307693,0.0001913731020068995,1e-20,0.05952380952380952
Vehicle_17,9414909,891,0.1,1e-20,1e-20,1e-20,0.9674124800755652,0.030303030303030304,0.5,0.8008934269304403,1e-20,1e-20,0.0022813688212927757,0.0010122629869312315,1e-20,0.0008662150932943872,0.1,0.014285714285714285
Vehicle_17,9414909,892,0.07954545454545454,1e-20,1e-20,1e-20,0.9674124800755652,1e-20,1e-20,0.9613603654339529,1e-20,1e-20,1e-20,0.0007554201395009191,1e-20,0.0006144083801274142,1e-20,1e-20
Vehicle_17,9414909,893,0.10619469026548672,1e-20,1e-20,1e-20,0.9674124800755652,0.0010978772694080023,0.0005841915745473774,0.9613603654339529,1e-20,1e-20,1e-20,0.0009115403016644424,1e-20,0.000775564676554277,0.004733966207539093,1e-20
Vehicle_17,9414909,894,0.14285714285714285,1e-20,0.021509329438722836,0.012555082718505275,0.9674124800755652,1e-20,1e-20,0.9613603654339529,0.05405405405405406,1e-20,1e-20,0.0012137083574648101,1e-20,1e-20,1e-20,1e-20
Vehicle_17,9414909,895,0.16477272727272727,1e-20,1e-20,1e-20,0.03258751992443474,1e-20,0.0007252033339208824,0.9613603654339529,0.041666666666666664,1e-20,0.01597461788331277,1e-20,1e-20,1e-20,1e-20,0.14285714285714285
Vehicle_17,9414909,896,0.05945945945945946,1e-20,1e-20,1e-20,0.8513274336283185,0.25,0.5,0.9613603654339529,0.06666666666666667,1e-20,1e-20,0.0006043361116007353,0.0011029134036713419,0.0002820235187470098,1e-20,0.005813953488372093
Vehicle_17,9414909,897,0.16216216216216217,1e-20,1e-20,1e-20,0.9618592351505288,1e-20,1e-20,0.9613603654339529,0.06666666666666667,1e-20,1e-20,1e-20,1e-20,0.00022662604185027572,0.01176440963916098,0.2857142857142857
Vehicle_17,9414909,898,0.13333333333333333,1e-20,0.002100067987812555,0.001082768866617984,0.9618592351505288,1e-20,1e-20,0.9613603654339529,1e-20,1e-20,1e-20,1e-20,1e-20,1e-20,1e-20,0.02857142857142857
Vehicle_17,9414909,899,0.11888111888111888,1e-20,1e-20,1e-20,0.9618592351505288,1e-20,1e-20,0.9613603654339529,1e-20,1e-20,1e-20,0.0006748419912874878,1e-20,0.000448215949437212,0.06976744186046512,0.0379746835443038
Vehicle_17,9414909,900,1e-20,1e-20,1e-20,1e-20,0.9618592351505288,0.0037771006975045956,0.0018734419459622794,0.9613603654339529,1e-20,1e-20,1e-20,1e-20,1e-20,1e-20,1e-20,0.01818181818181818
Vehicle_17,9414909,901,0.15789473684210525,1e-20,1e-20,1e-20,0.9618592351505288,0.026273512451841965,0.013511948228539773,0.9613603654339529,1e-20,1e-20,1e-20,1e-20,1e-20,1e-20,1e-20,0.047619047619047616
Vehicle_17,9414909,902,0.03225806451612903,1e-20,1e-20,1e-20,0.9618592351505288,0.14285714285714285,1e-20,0.03863963456604718,1e-20,1e-20,1e-20,1e-20,1e-20,0.0006698058570241483,1e-20,0.06896551724137931
Vehicle_17,9414909,903,0.010309278350515464,1e-20,1e-20,1e-20,0.9618592351505288,0.0033333333333333335,1e-20,0.8207282913165266,1e-20,1e-20,1e-20,1e-20,0.0045662100456621,1e-20,1e-20,0.01511879049676026
Vehicle_17,9414909,904,1e-20,1e-20,1e-20,1e-20,0.9618592351505288,0.05555555555555555,0.09090909090909091,0.9585474366846567,0.05555555555555555,1e-20,1e-20,1e-20,1e-20,1e-20,0.05172413793103448,0.034482758620689655
Vehicle_17,9414909,905,0.01282051282051282,1e-20,1e-20,1e-20,0.9618592351505288,1e-20,1e-20,0.9585474366846567,0.2,1e-20,1e-20,1e-20,1e-20,1e-20,0.05555555555555555,0.057971014492753624
Vehicle_17,9414909,906,0.2857142857142857,1e-20,0.05555555555555555,1e-20,0.9618592351505288,0.07692307692307693,1e-20,0.9585474366846567,0.2857142857142857,1e-20,0.0034850049102309066,0.0013396117140482965,1e-20,0.001344647848311636,0.06,0.05555555555555555
Vehicle_17,9414909,907,0.17142857142857143,1e-20,1e-20,1e-20,0.9618592351505288,1e-20,1e-20,0.9585474366846567,1e-20,1e-20,1e-20,3.0216805580036753e-05,1e-20,1e-20,1e-20,1e-20
Vehicle_17,9414909,908,0.06451612903225806,1e-20,1e-20,1e-20,0.9618592351505288,0.14285714285714285,0.25,0.9585474366846567,1e-20,1e-20,0.000569083171757359,0.00010575881953012865,0.0005741193060206985,3.0216805580036753e-05,0.04,0.047619047619047616
Vehicle_17,9414909,909,0.12,0.2,0.16666666666666666,0.14285714285714285,0.9618592351505288,1e-20,1e-20,0.9585474366846567,1e-20,1e-20,0.0016820688439553799,0.0003978546068038174,0.001410117593735049,0.0002064815047969179,0.07692307692307693,0.06976744186046512
Vehicle_17,9414909,910,0.25609756097560976,0.17857142857142858,0.0625,0.09090909090909091,0.9618592351505288,0.038461538461538464,0.07692307692307693,0.9585474366846567,1e-20,1e-20,1e-20,0.0001913731020068995,1e-20,5.539747689673406e-05,0.17391304347826086,0.256
Vehicle_17,9414909,911,0.19135802469135801,0.14634146341463414,1e-20,1e-20,0.9618592351505288,0.05263157894736842,0.1,0.9585474366846567,0.13333333333333333,1e-20,1e-20,0.00025180671316697305,1e-20,7.55420139500919e-05,0.1,0.06746031746031746
Vehicle_17,9414909,912,0.275,0.07407407407407407,0.16666666666666666,0.125,0.9618592351505288,0.2631578947368421,0.5555555555555556,0.9585474366846567,0.07142857142857142,1e-20,0.0015863822929519302,1e-20,1e-20,0.0001007226852667892,0.20754716981132076,0.2268041237113402
Vehicle_17,9414909,913,0.24509803921568626,0.17073170731707318,1e-20,1e-20,0.9618592351505288,1e-20,1e-20,0.9585474366846567,1e-20,1e-20,1e-20,1e-20,1e-20,0.0002064815047969179,0.046875,0.04838709677419355
Vehicle_17,9414909,914,0.4126984126984127,0.02702702702702703,1e-20,1e-20,0.9618592351505288,1e-20,1e-20,0.9585474366846567,1e-20,1e-20,1e-20,1e-20,1e-20,0.0002064815047969179,0.11627906976744186,0.05263157894736842
Vehicle_17,9414909,915,0.4126984126984127,1e-20,1e-20,0.0019389116913856924,0.9618592351505288,0.36363636363636365,0.25,0.9585474366846567,1e-20,1e-20,1e-20,1e-20,1e-20,0.00021151763906025734,0.15,0.07692307692307693
Vehicle_17,9414909,916,0.10317460317460317,0.047619047619047616,0.16666666666666666,0.2,0.9618592351505288,0.07692307692307693,1e-20,0.9585474366846567,0.1,1e-20,1e-20,1e-20,1e-20,1e-20,1e-20,0.022222222222222223
Vehicle_17,9414909,917,0.11864406779661017,1e-20,0.02631578947368421,1e-20,0.9618592351505288,1e-20,1e-20,0.9585474366846567,0.2,1e-20,1e-20,1e-20,0.0006698058570241483,0.0002669151159569914,0.109375,0.10317460317460317
Vehicle_17,9414909,918,1e-20,0.02040816326530612,1e-20,1e-20,0.9618592351505288,1e-20,1e-20,0.9585474366846567,1e-20,1e-20,1e-20,0.0005287940976506434,0.000634552917180772,0.00031224032432704653,1e-20,0.011235955056179775
Vehicle_17,9414909,919,1e-20,0.045454545454545456,1e-20,1e-20,0.03814076484947111,1e-20,1e-20,0.9585474366846567,1e-20,1e-20,1e-20,1e-20,1e-20,1e-20,1e-20,1e-20
Vehicle_17,9414909,920,0.07,1e-20,0.010258605494422481,0.005403772064563241,0.8374371859296482,0.0019187671543323345,0.0007554201395009191,0.9585474366846567,1e-20,1e-20,0.0425531914893617,1e-20,0.0013597562511016544,1e-20,1e-20,0.015625
Vehicle_17,9414909,921,0.08333333333333333,1e-20,1e-20,0.0014403343993150857,0.9674124800755652,0.0012288167602548285,0.0005741193060206985,0.9585474366846567,1e-20,1e-20,1e-20,0.000644625185707451,1e-20,1e-20,1e-20,1e-20
Vehicle_17,9414909,922,0.03125,0.1111111111111111,0.06666666666666667,0.1111111111111111,0.9674124800755652,0.006687986301714804,0.003182836854430539,0.9585474366846567,1e-20,1e-20,1e-20,1e-20,1e-20,0.0010122629869312315,1e-20,1e-20
Vehicle_17,9414909,923,1e-20,1e-20,1e-20,1e-20,0.9674124800755652,1e-20,0.001389973056681691,0.9585474366846567,0.07692307692307693,1e-20,1e-20,1e-20,1e-20,0.0010777327323546447,1.0,0.3333333333333333
Vehicle_17,9414909,924,0.07608695652173914,1e-20,0.13333333333333333,0.09090909090909091,0.9674124800755652,0.16666666666666666,0.5,0.9585474366846567,0.043478260869565216,1e-20,1e-20,1e-20,1e-20,1e-20,1e-20,1e-20
Vehicle_17,9414909,925,0.21621621621621623,1e-20,0.03225806451612903,1e-20,0.9674124800755652,1e-20,1e-20,0.9585474366846567,1e-20,1e-20,1e-20,1e-20,1e-20,1e-20,1e-20,0.08333333333333333
Vehicle_17,9414909,926,0.03125,1e-20,0.047619047619047616,0.09090909090909091,0.9674124800755652,0.3333333333333333,1e-20,0.04145256331534326,1e-20,1e-20,0.003102258706217108,1e-20,1e-20,1e-20,1e-20,1e-20
Vehicle_17,9414909,927,0.023529411764705882,0.0027210679059848403,1e-20,1e-20,0.9674124800755652,1e-20,1e-20,0.8008934269304403,0.058823529411764705,1e-20,1e-20,1e-20,0.0014252259965250673,1e-20,0.09090909090909091,0.041666666666666664
Vehicle_17,9414909,928,0.07142857142857142,1e-20,1e-20,1e-20,0.9674124800755652,0.0013496839825749756,0.0007453478709742401,0.9613603654339529,1e-20,1e-20,1e-20,1e-20,1e-20,0.0009165764359277818,1e-20,1e-20
Vehicle_17,9414909,929,0.0847457627118644,1e-20,0.057692307692307696,1e-20,0.9674124800755652,1e-20,1e-20,0.9613603654339529,1e-20,1e-20,1e-20,1e-20,1e-20,0.00021151763906025734,0.06666666666666667,0.05660377358490566
Vehicle_17,9414909,930,0.07142857142857142,0.16666666666666666,0.02857142857142857,1e-20,0.9674124800755652,1e-20,1e-20,0.9613603654339529,0.25,1e-20,1e-20,0.0004582882179638909,1e-20,0.00031224032432704653,0.06060606060606061,0.041666666666666664
Vehicle_17,9414909,931,1e-20,0.06060606060606061,0.18181818181818182,1e-20,0.9674124800755652,1e-20,1e-20,0.9613603654339529,0.14285714285714285,1e-20,1e-20,1e-20,1e-20,0.0005539747689673407,0.13846153846153847,0.11475409836065574
Vehicle_17,9414909,932,0.13793103448275862,0.1917808219178082,0.058823529411764705,0.2,0.9674124800755652,0.2222222222222222,0.2,0.9613603654339529,1e-20,1e-20,1e-20,1e-20,1e-20,6.546974542341297e-05,0.1346153846153846,0.11956521739130435
Vehicle_17,9414909,933,0.16883116883116883,0.1232876712328767,1e-20,1e-20,0.9674124800755652,0.04,1e-20,0.9613603654339529,0.2857142857142857,1e-20,1e-20,0.0003072041900637071,0.0009518293757711581,0.00015612016216352327,0.1702127659574468,0.14583333333333334
Vehicle_17,9414909,934,0.1694915254237288,0.1,0.125,0.2222222222222222,0.9674124800755652,0.17647058823529413,0.18181818181818182,0.9613603654339529,0.15,1e-20,0.0029058494699468686,0.0003575655326971017,0.0009518293757711581,0.0001913731020068995,0.1956521739130435,0.17857142857142858
Vehicle_17,9414909,935,0.23232323232323232,0.15,0.05555555555555555,0.06666666666666667,0.9674124800755652,0.07692307692307693,0.09090909090909091,0.9613603654339529,0.15384615384615385,1e-20,1e-20,1e-20,1e-20,1e-20,0.14814814814814814,0.1623931623931624
Vehicle_17,9414909,936,0.06349206349206349,0.125,0.0392156862745098,0.038461538461538464,0.9674124800755652,0.2857142857142857,0.25,0.9613603654339529,0.08333333333333333,1e-20,1e-20,0.0004633243522272304,1e-20,0.00021151763906025734,0.0784313725490196,0.10569105691056911
Vehicle_17,9414909,937,0.0847457627118644,0.03125,1e-20,1e-20,0.9674124800755652,0.14285714285714285,0.1111111111111111,0.9613603654339529,0.3333333333333333,1e-20,1e-20,0.00023669831037695464,0.0002568428474303125,9.065041674011028e-05,0.13636363636363635,0.12631578947368421
Vehicle_17,9414909,938,0.08695652173913043,0.16666666666666666,1e-20,1e-20,0.9674124800755652,1e-20,1e-20,0.9613603654339529,1e-20,1e-20,1e-20,0.0009467932415078185,1e-20,0.0007806008108176164,0.045454545454545456,0.08421052631578947
Vehicle_17,9414909,939,1e-20,0.14634146341463414,1e-20,1e-20,0.9674124800755652,0.002548283937249767,0.0013295394455216177,0.9613603654339529,1e-20,1e-20,1e-20,0.00047843275501724874,0.0009518293757711581,0.0003676378012237806,0.06557377049180328,0.059322033898305086
Vehicle_17,9414909,940,0.125,1e-20,0.25,0.16666666666666666,0.9674124800755652,0.14285714285714285,0.16666666666666666,0.9613603654339529,1e-20,1e-20,1e-20,0.0012489612973081861,1e-20,0.0010122629869312315,0.08333333333333333,0.0425531914893617
Vehicle_17,9414909,941,0.06666666666666667,0.05263157894736842,1e-20,1e-20,0.03258751992443474,1e-20,1e-20,0.9613603654339529,1e-20,1e-20,1e-20,1e-20,0.0020396343766524816,0.0010324075239845894,1e-20,1e-20
Vehicle_17,9414909,942,0.0821917808219178,1e-20,1e-20,1e-20,0.8513274336283185,1e-20,1e-20,0.9613603654339529,1e-20,1e-20,1e-20,1e-20,1e-20,0.3333333333333333,1e-20,0.030303030303030304
Vehicle_17,9414909,943,0.030612244897959183,1e-20,1e-20,1e-20,0.9618592351505288,0.2,0.3333333333333333,0.9613603654339529,1e-20,1e-20,1e-20,1e-20,1e-20,1e-20,1e-20,0.1
Vehicle_17,9414909,944,0.06666666666666667,1e-20,1e-20,1e-20,0.9618592351505288,1e-20,1e-20,0.9613603654339529,0.2,1e-20,0.01639344262295082,1e-20,1e-20,1e-20,1e-20,0.045454545454545456
Vehicle_17,9414909,945,0.045454545454545456,1e-20,0.1111111111111111,1e-20,0.03814076484947111,0.10526315789473684,1e-20,0.9613603654339529,1e-20,1e-20,0.014285714285714285,1e-20,0.02857142857142857,1e-20,1e-20,0.0625
Vehicle_17,9414909,946,0.22340425531914893,0.002922255921214773,1e-20,1e-20,0.8374371859296482,0.03508771929824561,0.07142857142857142,0.9613603654339529,1e-20,1e-20,0.058823529411764705,0.05,1e-20,1e-20,1e-20,1e-20
Vehicle_17,9414909,947,0.08522727272727272,0.002716038205604092,1e-20,1e-20,0.9674124800755652,1e-20,1e-20,0.9613603654339529,0.05263157894736842,1e-20,1e-20,1e-20,1e-20,0.05555555555555555,1e-20,1e-20
Vehicle_17,9414909,948,0.13690476190476192,1e-20,1e-20,1e-20,0.9674124800755652,1e-20,1e-20,0.03863963456604718,1e-20,1e-20,1e-20,1e-20,1e-20,1e-20,0.006466396394127868,0.014211970891143958
Vehicle_17,9414909,949,0.016632016632016633,0.003138533037586951,0.07692307692307693,0.10344827586206896,0.9674124800755652,0.07692307692307693,1e-20,0.8207282913165266,0.06060606060606061,1e-20,1e-20,1e-20,0.023809523809523808,1e-20,0.006098758592904087,0.06306306306306306
Vehicle_17,9414909,950,0.18681318681318682,0.003103325134921713,1e-20,1e-20,0.9674124800755652,0.0029154518950437317,0.002967359050445104,0.9585474366846567,1e-20,1e-20,1e-20,1e-20,0.009433962264150943,1e-20,0.02,0.009259259259259259
Vehicle_17,9414909,951,0.015625,1e-20,1e-20,1e-20,0.9674124800755652,1e-20,1e-20,0.9585474366846567,1e-20,1e-20,1e-20,1e-20,0.07692307692307693,1e-20,1e-20,1e-20
Vehicle_17,9414909,952,0.0425531914893617,1e-20,1e-20,1e-20,0.9674124800755652,1e-20,1e-20,0.9585474366846567,1e-20,1e-20,0.0017475385893787928,1e-20,1e-20,0.0006698058570241483,1e-20,1e-20
Vehicle_17,9414909,953,0.13043478260869565,1e-20,1e-20,1e-20,0.9674124800755652,0.14285714285714285,1e-20,0.9585474366846567,1e-20,1e-20,1e-20,1e-20,1e-20,1e-20,1e-20,0.0625
Vehicle_17,9414909,954,0.034482758620689655,1e-20,0.037037037037037035,0.09090909090909091,0.9674124800755652,1e-20,1e-20,0.9585474366846567,0.047619047619047616,1e-20,1e-20,1e-20,1e-20,1e-20,0.08,0.09009009009009009
Vehicle_17,9414909,955,0.012738853503184714,0.22727272727272727,1e-20,1e-20,0.9674124800755652,1e-20,1e-20,0.9585474366846567,1e-20,1e-20,1e-20,1e-20,1e-20,1e-20,1e-20,1e-20
Vehicle_17,9414909,956,1e-20,1e-20,0.011376627300883842,0.0067383476443481985,0.9674124800755652,1e-20,1e-20,0.9585474366846567,1e-20,1e-20,1e-20,1e-20,1e-20,1e-20,1e-20,1e-20
Vehicle_17,9414909,957,0.014184397163120567,1e-20,1e-20,1e-20,0.03258751992443474,0.038461538461538464,1e-20,0.9585474366846567,0.1111111111111111,1e-20,1e-20,1e-20,1e-20,1e-20,0.003595799864024375,1e-20
Vehicle_17,9414909,958,0.1411764705882353,1e-20,1e-20,1e-20,0.8513274336283185,0.024096385542168676,0.023809523809523808,0.9585474366846567,1e-20,1e-20,1e-20,1e-20,1e-20,1e-20,0.003963437665248155,1e-20
Vehicle_17,9414909,959,1e-20,0.0025852659957046357,1e-20,0.0033943544934907964,0.9618592351505288,1e-20,1e-20,0.9585474366846567,1e-20,1e-20,1e-20,1e-20,1e-20,1e-20,1e-20,1e-20
Vehicle_17,9414909,960,0.034482758620689655,0.0026154441979891257,0.14285714285714285,1e-20,0.9618592351505288,0.1,1e-20,0.9585474366846567,0.3333333333333333,1e-20,1e-20,1e-20,1e-20,1e-20,0.038461538461538464,0.05660377358490566
Vehicle_17,9414909,961,0.35294117647058826,1e-20,1e-20,1e-20,0.9618592351505288,0.058823529411764705,1e-20,0.9585474366846567,1e-20,1e-20,1e-20,1e-20,1e-20,1e-20,1e-20,1e-20
Vehicle_17,9414909,962,0.2631578947368421,0.14285714285714285,1e-20,1e-20,0.9618592351505288,0.14285714285714285,0.2,0.9585474366846567,1e-20,1e-20,1e-20,0.0006194445143907537,1e-20,0.0003726739354871201,0.1,0.09090909090909091
Vehicle_17,9414909,963,0.11864406779661017,0.125,1e-20,1e-20,0.9618592351505288,0.20930232558139536,0.375,0.9585474366846567,1e-20,1e-20,1e-20,0.00016115629642686274,1e-20,7.55420139500919e-05,0.10294117647058823,0.08088235294117647
Vehicle_17,9414909,964,0.14285714285714285,0.18181818181818182,0.125,0.2,0.9618592351505288,0.125,0.16666666666666666,0.9585474366846567,0.16666666666666666,1e-20,0.001037443658247929,0.0003223125928537255,1e-20,0.00014604789363684435,0.09195402298850575,0.08235294117647059
Vehicle_17,9414909,965,0.07446808510638298,0.24242424242424243,1e-20,1e-20,0.9618592351505288,0.15384615384615385,0.13333333333333333,0.9585474366846567,1e-20,1e-20,1e-20,0.00031224032432704653,1e-20,0.00012590335658348652,0.12213740458015267,0.10377358490566038
Vehicle_17,9414909,966,0.03076923076923077,0.18333333333333332,1e-20,1e-20,0.9618592351505288,0.09615384615384616,0.1,0.9585474366846567,0.0005439025004406618,1e-20,1e-20,0.00031224032432704653,1e-20,0.00012590335658348652,0.16666666666666666,0.13368983957219252
Vehicle_17,9414909,967,0.2727272727272727,0.22,0.14285714285714285,1e-20,0.9618592351505288,0.05555555555555555,0.1,0.9585474366846567,0.2857142857142857,1e-20,0.0005640470374940196,0.00023669831037695464,1e-20,9.065041674011028e-05,0.11382113821138211,0.11650485436893204
Vehicle_17,9414909,968,0.19444444444444445,0.07017543859649122,0.2,1.0,0.9618592351505288,1e-20,1e-20,0.9585474366846567,1e-20,1e-20,1e-20,1e-20,1e-20,4.028907410671568e-05,0.07086614173228346,0.07755102040816327
Vehicle_17,9414909,969,0.5229357798165137,0.07142857142857142,0.07692307692307693,1e-20,0.9618592351505288,0.07692307692307693,0.25,0.9585474366846567,1e-20,1e-20,0.0009014680331377635,0.00025180671316697305,0.1111111111111111,9.568655100344974e-05,0.1724137931034483,0.14479638009049775
Vehicle_17,9414909,970,0.1926605504587156,0.17647058823529413,1e-20,0.0004331075466471936,0.9618592351505288,0.2222222222222222,0.125,0.9585474366846567,1e-20,1e-20,1e-20,0.00010575881953012865,1e-20,6.043361116007352e-05,0.18333333333333332,0.22686567164179106
Vehicle_17,9414909,971,0.32142857142857145,0.1,1e-20,1e-20,0.9618592351505288,0.06153846153846154,0.07407407407407407,0.9585474366846567,1e-20,1e-20,0.0006496613199707904,0.00022662604185027572,1e-20,6.546974542341297e-05,0.18947368421052632,0.23754152823920266
Vehicle_17,9414909,972,0.01639344262295082,0.0975609756097561,0.0007352756024475612,0.0003626016669604412,0.9618592351505288,1e-20,1e-20,0.9585474366846567,0.001661924306902022,1e-20,1e-20,1e-20,1e-20,0.00014604789363684435,0.09824561403508772,0.08970099667774087
Vehicle_17,9414909,973,1e-20,0.1095890410958904,1e-20,1e-20,0.9618592351505288,1e-20,1e-20,0.9585474366846567,1e-20,1e-20,0.0020698511822325183,0.0009316848387178002,1e-20,0.0008561428247677083,0.017699115044247787,0.022321428571428572
Vehicle_17,9414909,974,1e-20,1e-20,1e-20,1e-20,0.9618592351505288,1e-20,1e-20,0.9585474366846567,1e-20,1e-20,1e-20,0.0011834915518847732,1e-20,1e-20,0.13043478260869565,0.11363636363636363
Vehicle_17,9414909,975,0.29411764705882354,1e-20,1e-20,1e-20,0.9618592351505288,1e-20,1e-20,0.9585474366846567,1e-20,1e-20,1e-20,1e-20,0.04878048780487805,0.00233173016392617,0.1206896551724138,0.12371134020618557
Vehicle_17,9414909,976,0.203125,0.08888888888888889,1e-20,1e-20,0.9618592351505288,0.2222222222222222,0.2727272727272727,0.9585474366846567,1e-20,1e-20,1e-20,1e-20,0.06060606060606061,1e-20,0.014388489208633094,0.027237354085603113
Vehicle_17,9414909,977,0.07575757575757576,0.24444444444444444,1e-20,1e-20,0.9618592351505288,0.17307692307692307,0.24,0.9585474366846567,1e-20,1e-20,1e-20,1e-20,0.06569343065693431,1e-20,0.0875,0.062111801242236024
Vehicle_17,9414909,978,0.05714285714285714,0.023255813953488372,0.06666666666666667,1e-20,0.9618592351505288,0.0392156862745098,0.045454545454545456,0.9585474366846567,1e-20,1e-20,0.1111111111111111,1e-20,0.0392156862745098,1e-20,0.0375,0.0196078431372549
Vehicle_17,9414909,979,0.05660377358490566,1e-20,0.02564102564102564,1e-20,0.9618592351505288,0.018633540372670808,0.029411764705882353,0.9585474366846567,0.0975609756097561,1e-20,1e-20,1e-20,0.06329113924050633,1e-20,1e-20,1e-20
Vehicle_17,9414909,980,0.027945971122496506,1e-20,0.047619047619047616,1e-20,0.03814076484947111,0.04,0.07692307692307693,0.9585474366846567,0.029017857142857144,1e-20,1e-20,0.05,0.06329113924050633,1e-20,1e-20,1e-20
Vehicle_17,9414909,981,0.032407407407407406,0.0018811079423998712,1e-20,1e-20,0.8374371859296482,0.16216216216216217,0.20833333333333334,0.9585474366846567,1e-20,1e-20,1e-20,1e-20,0.04225352112676056,1e-20,0.00569586785183693,1e-20
Vehicle_17,9414909,982,0.016304347826086956,1e-20,1e-20,1e-20,0.9674124800755652,0.21301775147928995,0.18421052631578946,0.9585474366846567,1e-20,1e-20,1e-20,1e-20,0.04827586206896552,1e-20,1e-20,1e-20
Vehicle_17,9414909,983,0.038461538461538464,1e-20,1e-20,1e-20,0.9674124800755652,1e-20,1e-20,0.9585474366846567,1e-20,1e-20,1e-20,1e-20,1e-20,1e-20,1e-20,0.037037037037037035
Vehicle_17,9414909,984,0.02666666666666667,1e-20,1e-20,1e-20,0.9674124800755652,1e-20,1e-20,0.04145256331534326,1e-20,1e-20,1e-20,1e-20,0.024390243902439025,1e-20,1e-20,0.05
Vehicle_17,9414909,985,0.2857142857142857,1e-20,1e-20,1e-20,0.9674124800755652,0.21475770925110133,0.16279069767441862,0.8008934269304403,0.16666666666666666,1e-20,0.019230769230769232,1e-20,0.1371841155234657,1e-20,1e-20,0.05389221556886228
Vehicle_17,9414909,986,0.175,0.047619047619047616,0.0967741935483871,0.14285714285714285,0.9674124800755652,0.08309248554913294,0.07644305772230889,0.9613603654339529,0.047619047619047616,1e-20,0.03225806451612903,0.05555555555555555,0.07623318385650224,0.13333333333333333,1e-20,1e-20
Vehicle_17,9414909,987,0.20434782608695654,1e-20,0.2756598240469208,0.27040816326530615,0.9674124800755652,0.07717569786535304,0.08041958041958042,0.9613603654339529,0.19230769230769232,1e-20,0.10052910052910052,0.06060606060606061,0.075,0.07207207207207207,0.08333333333333333,0.029411764705882353
Vehicle_17,9414909,988,0.25301204819277107,1e-20,0.03018867924528302,0.029085872576177285,0.9674124800755652,0.14623467600700527,0.1573926868044515,0.9613603654339529,0.022222222222222223,1e-20,0.06842105263157895,0.11428571428571428,0.07296137339055794,0.09411764705882353,1e-20,1e-20
Vehicle_17,9414909,989,0.23257372654155495,0.16666666666666666,0.10830324909747292,0.11428571428571428,0.9674124800755652,0.2217687074829932,0.23917995444191345,0.9613603654339529,0.07936507936507936,1e-20,0.02054794520547945,0.08333333333333333,0.09016393442622951,0.08666666666666667,1e-20,1e-20
Vehicle_17,9414909,990,0.45368171021377673,1e-20,0.06463878326996197,0.06504065040650407,0.9674124800755652,0.3076923076923077,0.30405405405405406,0.9613603654339529,0.10619469026548672,1e-20,0.07017543859649122,0.05825242718446602,0.12224448897795591,0.06976744186046512,1e-20,0.1111111111111111
Vehicle_17,9414909,991,0.5355906117737591,1e-20,0.10932475884244373,0.125,0.03258751992443474,0.35161744022503516,0.37320574162679426,0.9613603654339529,0.10828025477707007,1e-20,0.11637931034482758,0.13178294573643412,0.12224448897795591,0.14285714285714285,0.0625,0.04
Vehicle_17,9414909,992,0.17198922662562524,1e-20,0.16744186046511628,0.18181818181818182,0.8513274336283185,0.22826086956521738,0.2033096926713948,0.9613603654339529,0.16666666666666666,1e-20,0.25157232704402516,0.10526315789473684,0.10420841683366733,0.11467889908256881,1e-20,0.06666666666666667
Vehicle_17,9414909,993,0.2564632885211996,1e-20,0.20148331273176762,0.18734177215189873,0.9618592351505288,0.13285272914521112,0.12773722627737227,0.9613603654339529,0.10795454545454546,1e-20,0.1525974025974026,0.05755395683453238,0.1318181818181818,0.11462450592885376,0.05,0.023529411764705882
Vehicle_17,9414909,994,0.5054347826086957,1e-20,0.19689119170984457,0.1887905604719764,0.9618592351505288,0.006134969325153374,0.0036231884057971015,0.9613603654339529,0.006369426751592357,1e-20,0.05148005148005148,0.023255813953488372,0.007142857142857143,0.014285714285714285,1e-20,1e-20
Vehicle_17,9414909,995,0.00923432089265102,1e-20,0.00744047619047619,0.003278688524590164,0.03814076484947111,0.1320754716981132,0.12,0.9613603654339529,1e-20,1e-20,0.10096153846153846,1e-20,0.046511627906976744,0.15,1e-20,0.014705882352941176
Vehicle_17,9414909,996,0.08235294117647059,1e-20,0.05394190871369295,0.07407407407407407,0.8374371859296482,0.04630715123094959,0.04456521739130435,0.9613603654339529,0.01968503937007874,1e-20,0.04878048780487805,0.010869565217391304,0.051094890510948905,0.011363636363636364,1e-20,1e-20
Vehicle_17,9414909,997,0.021739130434782608,1e-20,1e-20,1e-20,0.9674124800755652,0.003003003003003003,1e-20,0.9613603654339529,1e-20,1e-20,1e-20,1e-20,1e-20,1e-20,1e-20,1e-20
Vehicle_17,9414909,998,1e-20,0.00296249352426076,1e-20,1e-20,0.9674124800755652,0.10526315789473684,0.15384615384615385,0.9613603654339529,1e-20,1e-20,1e-20,1e-20,1e-20,1e-20,1e-20,1e-20
Vehicle_17,9414909,999,0.045454545454545456,1e-20,1e-20,1e-20,0.9674124800755652,1e-20,1e-20,0.9613603654339529,1e-20,1e-20,0.006024096385542169,1e-20,1e-20,1e-20,0.09523809523809523,0.058823529411764705
Vehicle_17,9414909,1000,0.058823529411764705,1e-20,0.03571428571428571,1e-20,0.9674124800755652,1e-20,1e-20,0.9613603654339529,1e-20,1e-20,1e-20,1e-20,1e-20,1e-20,1e-20,1e-20
Vehicle_17,9414909,1001,0.05536332179930796,1e-20,1e-20,1e-20,0.9674124800755652,1e-20,1e-20,0.9613603654339529,1e-20,1e-20,0.004960592249389368,1e-20,1e-20,0.0023468385667161887,1.0,0.16666666666666666
Vehicle_17,9414909,1002,0.04452054794520548,1e-20,1e-20,1e-20,0.9674124800755652,1e-20,1e-20,0.9613603654339529,0.05263157894736842,1e-20,1e-20,0.0009669377785611764,1e-20,1e-20,1e-20,1e-20
Vehicle_17,9414909,1003,0.0945945945945946,1e-20,1e-20,1e-20,0.9674124800755652,0.03125,0.058823529411764705,0.9613603654339529,1e-20,1e-20,1e-20,1e-20,1e-20,1e-20,0.15517241379310345,0.14655172413793102
Vehicle_17,9414909,1004,0.13333333333333333,1e-20,0.10204081632653061,0.1,0.9674124800755652,0.04878048780487805,0.03389830508474576,0.9613603654339529,0.19047619047619047,1e-20,1e-20,0.0004381436809105331,1e-20,0.00021151763906025734,0.06060606060606061,0.04878048780487805
Vehicle_17,9414909,1005,0.1095890410958904,0.09523809523809523,0.1346153846153846,0.14285714285714285,0.9674124800755652,0.043478260869565216,0.09090909090909091,0.9613603654339529,0.08333333333333333,1e-20,1.0,0.0009115403016644424,1e-20,0.000775564676554277,0.042105263157894736,0.043689320388349516
Vehicle_17,9414909,1006,0.05363984674329502,0.13333333333333333,0.14285714285714285,0.20833333333333334,0.9674124800755652,1e-20,1e-20,0.9613603654339529,1e-20,1e-20,1e-20,0.0016014906957419485,1e-20,0.0015460932188452144,1e-20,0.047619047619047616
Vehicle_17,9414909,1007,0.020833333333333332,0.034482758620689655,1e-20,1e-20,0.9674124800755652,1e-20,1e-20,0.9613603654339529,0.06666666666666667,1e-20,1e-20,1e-20,1e-20,1e-20,0.00980392156862745,0.0053475935828877
Vehicle_17,9414909,1008,0.07142857142857142,1e-20,1e-20,1e-20,0.9674124800755652,1.0,1.0,0.03863963456604718,1e-20,1e-20,1e-20,1e-20,1e-20,1e-20,1e-20,1e-20
Vehicle_17,9414909,1009,0.037037037037037035,1e-20,0.05263157894736842,0.09090909090909091,0.9674124800755652,1e-20,1e-20,0.8207282913165266,0.0392156862745098,1e-20,0.1111111111111111,1e-20,1e-20,1e-20,1e-20,1e-20
Vehicle_17,9414909,1010,0.21978021978021978,0.003314572550913142,0.047619047619047616,0.09090909090909091,0.9674124800755652,0.005714285714285714,0.001841620626151013,0.04145256331534326,0.07317073170731707,1e-20,1e-20,1e-20,0.0023391812865497076,1e-20,1e-20,0.016778523489932886
Vehicle_17,9414909,1011,0.1918918918918919,1e-20,0.08695652173913043,0.125,0.9674124800755652,0.06896551724137931,0.25,0.8008934269304403,0.08888888888888889,1e-20,1e-20,1e-20,1e-20,1e-20,1e-20,0.06818181818181818
Vehicle_17,9414909,1012,0.014450867052023121,1e-20,0.05555555555555555,0.05555555555555555,0.9674124800755652,0.05555555555555555,0.047619047619047616,0.9613603654339529,1e-20,1e-20,1e-20,1e-20,1e-20,0.0010777327323546447,0.09375,0.05357142857142857
Vehicle_17,9414909,1013,0.07407407407407407,1e-20,1e-20,1e-20,0.9674124800755652,1e-20,1e-20,0.9613603654339529,1e-20,1e-20,0.25,1e-20,1e-20,1e-20,1e-20,1e-20
Vehicle_17,9414909,1014,0.035555555555555556,1e-20,0.125,0.3333333333333333,0.9674124800755652,1e-20,1e-20,0.9613603654339529,0.04,1e-20,0.1,1e-20,1e-20,1e-20,1e-20,1e-20
Vehicle_17,9414909,1015,0.0625,0.002746216407888582,0.08333333333333333,0.1111111111111111,0.9674124800755652,0.09090909090909091,0.2,0.9613603654339529,0.027777777777777776,1e-20,1e-20,1e-20,1e-20,1e-20,1e-20,1e-20
Vehicle_17,9414909,1016,0.03355704697986577,0.1111111111111111,1e-20,1e-20,0.9674124800755652,0.09803921568627451,0.13333333333333333,0.9613603654339529,0.05,1e-20,0.07692307692307693,1e-20,1e-20,1e-20,1e-20,1e-20
Vehicle_17,9414909,1017,0.06521739130434782,0.06666666666666667,1e-20,1e-20,0.9674124800755652,0.06666666666666667,0.0625,0.9613603654339529,1e-20,1e-20,1e-20,1e-20,0.2,1e-20,1e-20,1e-20
Vehicle_17,9414909,1018,0.017543859649122806,0.05555555555555555,1e-20,1e-20,0.9674124800755652,0.08333333333333333,0.10526315789473684,0.9613603654339529,1e-20,1e-20,1e-20,1e-20,1e-20,1e-20,0.2,0.09090909090909091
Vehicle_17,9414909,1019,0.21052631578947367,1e-20,1e-20,1e-20,0.03258751992443474,0.05405405405405406,0.09090909090909091,0.9613603654339529,1e-20,1e-20,1e-20,1e-20,1e-20,1e-20,1e-20,0.15789473684210525
Vehicle_17,9414909,1020,0.14678899082568808,0.0021728305644832737,0.03296703296703297,1e-20,0.8513274336283185,0.16666666666666666,0.23076923076923078,0.9613603654339529,0.05263157894736842,1e-20,0.045454545454545456,1e-20,1e-20,1e-20,1e-20,1e-20
Vehicle_17,9414909,1021,0.07291666666666667,1e-20,1e-20,1e-20,0.9618592351505288,0.05555555555555555,0.08333333333333333,0.9613603654339529,1e-20,1e-20,1e-20,0.25,1e-20,1e-20,1e-20,1e-20
Vehicle_17,9414909,1022,0.102803738317757,1e-20,1e-20,1e-20,0.03814076484947111,0.09923664122137404,0.12857142857142856,0.9613603654339529,1e-20,1e-20,1e-20,0.03333333333333333,1e-20,1e-20,1e-20,1e-20
Vehicle_17,9414909,1023,0.19488817891373802,0.00293231532197627,1e-20,1e-20,0.8374371859296482,0.0625,0.07547169811320754,0.9613603654339529,0.14655172413793102,1e-20,0.023809523809523808,1e-20,1e-20,0.058823529411764705,0.004255533452521844,1e-20
Vehicle_17,9414909,1024,0.16489361702127658,1e-20,0.2,0.3333333333333333,0.9674124800755652,1e-20,1e-20,0.9613603654339529,0.06611570247933884,1e-20,1e-20,0.05405405405405406,1e-20,0.11538461538461539,1e-20,1e-20
Vehicle_17,9414909,1025,0.21020092735703247,1e-20,1e-20,1e-20,0.9674124800755652,1e-20,1e-20,0.03863963456604718,1e-20,1e-20,0.05128205128205128,1e-20,1e-20,0.13333333333333333,0.006053433384534032,1e-20
Vehicle_17,9414909,1026,0.022397891963109356,0.0034503744611933465,1e-20,1e-20,0.9674124800755652,0.07,1e-20,0.8207282913165266,0.06060606060606061,1e-20,0.023255813953488372,1e-20,0.16447368421052633,1e-20,1e-20,1e-20
Vehicle_17,9414909,1027,0.2138728323699422,0.0027059788048425957,0.00625,1e-20,0.9674124800755652,0.27751196172248804,0.26430517711171664,0.9585474366846567,0.010869565217391304,1e-20,0.014492753623188406,1e-20,0.08203125,1e-20,1e-20,1e-20
Vehicle_17,9414909,1028,0.00535475234270415,1e-20,1e-20,1e-20,0.9674124800755652,0.35568993952721273,0.3426666666666667,0.9585474366846567,1e-20,1e-20,1e-20,1e-20,0.17045454545454544,1e-20,1e-20,0.02631578947368421
Vehicle_17,9414909,1029,0.043478260869565216,0.08333333333333333,0.2,0.3333333333333333,0.9674124800755652,0.004947773501924134,0.008,0.9585474366846567,1e-20,1e-20,1e-20,1e-20,0.010835913312693499,1e-20,0.03333333333333333,0.0375
Vehicle_17,9414909,1030,0.03076923076923077,1e-20,0.1111111111111111,0.15625,0.9674124800755652,0.025,1e-20,0.9585474366846567,1e-20,1e-20,0.03333333333333333,1e-20,0.0594059405940594,1e-20,0.043478260869565216,0.05263157894736842
Vehicle_17,9414909,1031,0.018229166666666668,1e-20,0.012903225806451613,0.019801980198019802,0.9674124800755652,0.12987012987012986,0.11764705882352941,0.9585474366846567,0.0196078431372549,1e-20,1e-20,1e-20,0.0425531914893617,0.10526315789473684,0.07317073170731707,0.0975609756097561
Vehicle_17,9414909,1032,0.1518987341772152,1e-20,0.09375,0.09523809523809523,0.9674124800755652,0.003926701570680628,0.005763688760806916,0.9585474366846567,0.021739130434782608,1e-20,0.041666666666666664,0.05555555555555555,0.014778325123152709,1e-20,0.025974025974025976,0.011904761904761904
Vehicle_17,9414909,1033,0.016129032258064516,1e-20,0.014492753623188406,0.010869565217391304,0.9674124800755652,0.0625,1e-20,0.9585474366846567,1e-20,1e-20,1e-20,0.14285714285714285,1e-20,1e-20,0.1111111111111111,0.07142857142857142
Vehicle_17,9414909,1034,1e-20,1e-20,0.041666666666666664,0.0625,0.9674124800755652,0.08823529411764706,0.18181818181818182,0.9585474366846567,1e-20,1e-20,1e-20,0.06666666666666667,0.05128205128205128,1e-20,0.047619047619047616,0.03225806451612903
Vehicle_17,9414909,1035,0.08955223880597014,1e-20,1e-20,1e-20,0.9674124800755652,0.04,0.05511811023622047,0.9585474366846567,0.029411764705882353,1e-20,1e-20,1e-20,0.024752475247524754,1e-20,0.05,0.09230769230769231
Vehicle_17,9414909,1036,1e-20,0.07142857142857142,0.038461538461538464,0.06666666666666667,0.9674124800755652,0.011904761904761904,0.020134228187919462,0.9585474366846567,0.08333333333333333,1e-20,1e-20,1e-20,1e-20,1e-20,0.017857142857142856,0.0136986301369863
Vehicle_17,9414909,1037,0.1,1e-20,1e-20,1e-20,0.9674124800755652,0.04,1e-20,0.9585474366846567,1e-20,1e-20,1e-20,1e-20,1e-20,1e-20,1e-20,1e-20
Vehicle_17,9414909,1038,0.1111111111111111,1e-20,1e-20,1e-20,0.9674124800755652,0.07430997876857749,0.06493506493506493,0.9585474366846567,1e-20,1e-20,1e-20,1e-20,0.07913669064748201,1e-20,1e-20,0.03333333333333333
Vehicle_17,9414909,1039,0.09923664122137404,1e-20,0.03125,1e-20,0.9674124800755652,0.013157894736842105,0.0196078431372549,0.9585474366846567,0.05,1e-20,1e-20,1e-20,0.009708737864077669,0.3333333333333333,1e-20,1e-20
Vehicle_17,9414909,1040,0.1310344827586207,1e-20,1e-20,1e-20,0.9674124800755652,0.03225806451612903,1e-20,0.9585474366846567,1e-20,1e-20,1e-20,1e-20,1e-20,1e-20,1e-20,0.08333333333333333
Vehicle_17,9414909,1041,0.014450867052023121,1e-20,1e-20,1e-20,0.9674124800755652,0.037037037037037035,1e-20,0.9585474366846567,1e-20,1e-20,1e-20,1e-20,1e-20,1e-20,0.04938271604938271,0.024844720496894408
Vehicle_17,9414909,1042,0.07142857142857142,1e-20,1e-20,1e-20,0.9674124800755652,1e-20,0.0025734646085664643,0.9585474366846567,1e-20,1e-20,0.003938256993931458,0.0013547201168383149,1e-20,0.0010021907184045527,0.11764705882352941,0.041666666666666664
Vehicle_17,9414909,1043,0.05555555555555555,1e-20,0.09090909090909091,1e-20,0.9674124800755652,1e-20,1e-20,0.9585474366846567,1e-20,1e-20,1e-20,1e-20,0.13333333333333333,0.0009216125701911212,1e-20,1e-20
Vehicle_17,9414909,1044,0.017241379310344827,0.3333333333333333,0.037037037037037035,1e-20,0.9674124800755652,1e-20,1e-20,0.9585474366846567,1e-20,1e-20,0.1111111111111111,1e-20,0.038461538461538464,1e-20,0.07462686567164178,0.10294117647058823
Vehicle_17,9414909,1045,0.08641975308641975,1e-20,1e-20,1e-20,0.9674124800755652,1e-20,1e-20,0.9585474366846567,1e-20,1e-20,1e-20,1e-20,0.06666666666666667,1e-20,1e-20,1e-20
Vehicle_17,9414909,1046,0.03225806451612903,1e-20,0.2222222222222222,0.3333333333333333,0.9674124800755652,1e-20,1e-20,0.9585474366846567,0.13636363636363635,1e-20,0.25,1e-20,1e-20,1e-20,1e-20,0.05
Vehicle_17,9414909,1047,0.075,1e-20,0.07142857142857142,0.1,0.9674124800755652,0.17647058823529413,0.125,0.9585474366846567,0.06451612903225806,1e-20,1e-20,0.0009467932415078185,1e-20,0.0007806008108176164,0.15384615384615385,0.125
Vehicle_17,9414909,1048,0.08029197080291971,1e-20,0.022727272727272728,0.043478260869565216,0.9674124800755652,1e-20,1e-20,0.9585474366846567,0.10526315789473684,1e-20,0.25,1e-20,1e-20,0.00019640923627023895,0.034482758620689655,0.018518518518518517
Vehicle_17,9414909,1049,0.07216494845360824,1e-20,1e-20,1e-20,0.9674124800755652,1e-20,1e-20,0.9585474366846567,1e-20,1e-20,1e-20,1.0,1e-20,0.0005388663661773223,0.043478260869565216,0.025
Vehicle_17,9414909,1050,0.026490066225165563,0.125,0.16129032258064516,0.21428571428571427,0.9674124800755652,0.125,0.2,0.9585474366846567,1e-20,1e-20,1e-20,1e-20,1e-20,1e-20,0.11594202898550725,0.14583333333333334
Vehicle_17,9414909,1051,0.07142857142857142,1e-20,1e-20,1e-20,0.9674124800755652,1e-20,1e-20,0.9585474366846567,1e-20,1e-20,1e-20,1e-20,1e-20,0.0005388663661773223,1e-20,0.007874015748031496
Vehicle_17,9414909,1052,0.13533834586466165,1e-20,1e-20,1e-20,0.9674124800755652,0.1111111111111111,1e-20,0.9585474366846567,0.09523809523809523,1e-20,1e-20,0.0005338302319139828,1e-20,0.00017122856495354165,0.18181818181818182,0.18181818181818182
Vehicle_17,9414909,1053,0.07954545454545454,1e-20,1e-20,1e-20,0.9674124800755652,0.14814814814814814,0.3,0.9585474366846567,0.041666666666666664,1e-20,0.0026439704882532168,1e-20,1e-20,0.000775564676554277,0.16666666666666666,0.07692307692307693
Vehicle_17,9414909,1054,0.10619469026548672,0.125,1e-20,1e-20,0.9674124800755652,0.07575757575757576,0.07142857142857142,0.9585474366846567,1e-20,1e-20,1e-20,0.0009467932415078185,1e-20,0.0007806008108176164,0.12345679012345678,0.10695187165775401
Vehicle_17,9414909,1055,0.016483516483516484,0.034482758620689655,0.1111111111111111,0.18181818181818182,0.9674124800755652,0.0975609756097561,0.15789473684210525,0.9585474366846567,1e-20,1e-20,1e-20,1e-20,1e-20,1e-20,0.012048192771084338,0.029411764705882353
Vehicle_17,9414909,1056,0.08860759493670886,1e-20,1e-20,1e-20,0.9674124800755652,0.038461538461538464,0.06896551724137931,0.9585474366846567,1e-20,1e-20,0.002165537733235968,0.0007302394681842218,0.05555555555555555,1e-20,0.017543859649122806,0.07751937984496124
Vehicle_17,9414909,1057,0.005952380952380952,0.07692307692307693,1e-20,1e-20,0.9674124800755652,0.1,0.125,0.9585474366846567,1e-20,1e-20,1e-20,1e-20,0.045454545454545456,1e-20,0.060240963855421686,0.0825242718446602
Vehicle_17,9414909,1058,0.045454545454545456,0.03488372093023256,1e-20,1e-20,0.9674124800755652,0.07407407407407407,0.125,0.9585474366846567,1e-20,1e-20,1e-20,1e-20,1e-20,1e-20,0.16666666666666666,0.16939890710382513
Vehicle_17,9414909,1059,0.2727272727272727,0.125,1e-20,1e-20,0.9674124800755652,1e-20,1e-20,0.9585474366846567,1e-20,1e-20,0.0067484199128748775,1e-20,1e-20,1e-20,0.08571428571428572,0.125
Vehicle_17,9414909,1060,0.10588235294117647,0.08,0.13513513513513514,0.047619047619047616,0.9674124800755652,0.10126582278481013,0.1,0.9585474366846567,0.09523809523809523,1e-20,1e-20,1e-20,1e-20,1e-20,0.24691358024691357,0.199203187250996
Vehicle_17,9414909,1061,0.12857142857142856,0.1891891891891892,1e-20,1e-20,0.9674124800755652,0.13402061855670103,0.17777777777777778,0.9585474366846567,0.02631578947368421,1e-20,1e-20,0.00028705965301034924,1e-20,7.050587968675244e-05,0.043859649122807015,0.025362318840579712
Vehicle_17,9414909,1062,0.01876675603217158,0.03076923076923077,0.06818181818181818,1e-20,0.9674124800755652,1e-20,1e-20,0.9585474366846567,0.043478260869565216,1e-20,1e-20,5.03613426333945e-06,1e-20,5.03613426333945e-06,0.08333333333333333,0.1188118811881188
Vehicle_17,9414909,1063,0.04225352112676056,0.25,0.047619047619047616,0.09090909090909091,0.9674124800755652,0.14285714285714285,0.2,0.9585474366846567,1e-20,1e-20,0.0001913731020068995,7.55420139500919e-05,0.0005841915745473774,3.0216805580036753e-05,0.1276595744680851,0.12236286919831224
Vehicle_17,9414909,1064,0.18269230769230768,0.16091954022988506,0.07894736842105263,0.058823529411764705,0.9674124800755652,0.17142857142857143,0.14285714285714285,0.9585474366846567,1e-20,1e-20,0.011643542416840832,0.005348374587666507,0.01540553471155541,0.004185027572835092,0.0392156862745098,0.04932735426008968
Vehicle_17,9414909,1065,0.3170731707317073,0.058823529411764705,0.09742120343839542,0.0776255707762557,0.9674124800755652,0.20034246575342465,0.2029520295202952,0.9585474366846567,0.2165991902834008,1e-20,0.01791352957469846,0.011331302092513786,0.02499937048321708,0.007715357691436053,1e-20,0.007246376811594203
Vehicle_17,9414909,1066,0.05920114122681883,0.075,0.18895348837209303,0.21081081081081082,0.9674124800755652,0.13995215311004786,0.15258855585831063,0.9585474366846567,0.2761904761904762,1e-20,0.030612244897959183,0.11538461538461539,0.01818181818181818,0.08823529411764706,1e-20,0.025
Vehicle_17,9414909,1067,0.2903225806451613,0.2692307692307692,0.26947637292464877,0.29324894514767935,0.9674124800755652,0.2471655328798186,0.22058823529411764,0.9585474366846567,0.323869610935857,1e-20,0.06179775280898876,0.1518987341772152,0.1541501976284585,0.125,0.1,0.08256880733944955
Vehicle_17,9414909,1068,0.10056619034780265,0.22388059701492538,0.10344827586206896,0.10416666666666667,0.9674124800755652,0.14114832535885166,0.14713896457765668,0.9585474366846567,0.13564668769716087,1e-20,0.06341463414634146,0.08860759493670886,0.0996309963099631,0.08823529411764706,0.06382978723404255,0.038461538461538464
Vehicle_17,9414909,1069,0.40562248995983935,0.023255813953488372,0.11019283746556474,0.10326086956521739,0.9674124800755652,0.15468409586056645,0.14285714285714285,0.9585474366846567,0.10323886639676114,1e-20,0.06382978723404255,0.050955414012738856,0.05138339920948617,0.010869565217391304,0.05263157894736842,0.018518518518518517
Vehicle_17,9414909,1070,0.20887728459530025,0.037037037037037035,0.09071729957805907,0.09090909090909091,0.9674124800755652,0.30413625304136255,0.28415300546448086,0.9585474366846567,0.053125,1e-20,0.04659498207885305,0.07291666666666667,0.13333333333333333,0.08196721311475409,0.046511627906976744,0.0547945205479452
Vehicle_17,9414909,1071,0.15555555555555556,0.04,0.011627906976744186,0.005405405405405406,0.9674124800755652,0.010471204188481676,0.0163265306122449,0.9585474366846567,0.006493506493506494,1e-20,1e-20,1e-20,0.006191950464396285,1e-20,0.11428571428571428,0.08536585365853659
Vehicle_17,9414909,1072,0.009916492693110648,0.13333333333333333,0.07407407407407407,0.09090909090909091,0.9674124800755652,0.08888888888888889,0.047619047619047616,0.9585474366846567,1e-20,1e-20,1e-20,1e-20,0.24242424242424243,1e-20,0.01834862385321101,0.01293103448275862
Vehicle_17,9414909,1073,0.10869565217391304,1e-20,0.1038961038961039,0.11904761904761904,0.9674124800755652,0.3549180327868853,0.3814935064935065,0.9585474366846567,0.13114754098360656,1e-20,1e-20,1e-20,0.1282051282051282,1e-20,0.05128205128205128,0.04225352112676056
Vehicle_17,9414909,1074,0.3968871595330739,0.1111111111111111,0.18992248062015504,0.22085889570552147,0.9674124800755652,0.022131147540983605,0.017857142857142856,0.9585474366846567,0.018518518518518517,1e-20,0.044444444444444446,0.047619047619047616,0.0912863070539419,0.05,0.009174311926605505,0.027450980392156862
Vehicle_17,9414909,1075,0.16489361702127658,1e-20,0.2548262548262548,0.26627218934911245,0.9674124800755652,0.0639269406392694,0.10309278350515463,0.9585474366846567,0.18333333333333332,1e-20,0.034482758620689655,0.09090909090909091,0.037209302325581395,0.1111111111111111,0.11538461538461539,0.14754098360655737
Vehicle_17,9414909,1076,0.3941267387944359,0.125,0.2824427480916031,0.2743362831858407,0.9674124800755652,0.2765460910151692,0.2718204488778055,0.9585474366846567,0.1477832512315271,1e-20,0.023809523809523808,1e-20,0.03333333333333333,1e-20,0.10465116279069768,0.10426540284360189
Vehicle_17,9414909,1077,0.483021483021483,0.3076923076923077,0.04770992366412214,0.058997050147492625,0.9674124800755652,0.08957055214723926,0.0646900269541779,0.9585474366846567,0.13366336633663367,1e-20,1e-20,0.07142857142857142,0.046875,1e-20,0.0625,0.030434782608695653
Vehicle_17,9414909,1078,0.483021483021483,0.171875,0.3228346456692913,0.29545454545454547,0.9674124800755652,0.005813953488372093,1e-20,0.9585474366846567,0.13125,1e-20,1e-20,1e-20,0.013824884792626729,1e-20,1e-20,0.023255813953488372
Vehicle_17,9414909,1079,0.18433818433818433,1e-20,0.29608938547486036,0.3790322580645161,0.9674124800755652,0.20512820512820512,0.17857142857142858,0.9585474366846567,0.1901840490797546,1e-20,1e-20,1e-20,0.029411764705882353,1e-20,0.05,0.057692307692307696
Vehicle_17,9414909,1080,0.3968871595330739,0.2222222222222222,0.23943661971830985,0.24752475247524752,0.9674124800755652,0.06859205776173286,0.0703125,0.9585474366846567,0.16058394160583941,1e-20,1e-20,1e-20,0.09944751381215469,1e-20,0.018867924528301886,0.025974025974025976
Vehicle_17,9414909,1081,0.47938829787234044,1e-20,0.18243243243243243,0.17894736842105263,0.9674124800755652,0.15333333333333332,0.1232876712328767,0.9585474366846567,0.06481481481481481,1e-20,0.06818181818181818,0.0625,0.016129032258064516,0.08333333333333333,0.05405405405405406,0.04285714285714286
Vehicle_17,9414909,1082,0.1815159574468085,0.1111111111111111,0.17557251908396945,0.15,0.9674124800755652,0.12455516014234876,0.11940298507462686,0.9585474366846567,0.0784313725490196,1e-20,0.05714285714285714,1e-20,0.009009009009009009,1e-20,0.0847457627118644,0.07755102040816327
Vehicle_17,9414909,1083,0.30551816958277256,0.1044776119402985,0.2196969696969697,0.26373626373626374,0.9674124800755652,0.2215909090909091,0.15753424657534246,0.9585474366846567,0.08045977011494253,1e-20,0.047619047619047616,1e-20,0.02531645569620253,1e-20,0.11428571428571428,0.14479638009049775
Vehicle_17,9414909,1084,0.21123595505617979,0.21951219512195122,0.272108843537415,0.3111111111111111,0.9674124800755652,0.08455882352941177,0.08502024291497975,0.9585474366846567,0.1188118811881188,1e-20,0.06060606060606061,0.125,0.034482758620689655,0.07692307692307693,0.03289473684210526,0.050746268656716415
Vehicle_17,9414909,1085,0.33925925925925926,0.15,0.13378684807256236,0.13333333333333333,0.9674124800755652,0.11194029850746269,0.08888888888888889,0.9585474366846567,0.12643678160919541,1e-20,1e-20,0.07692307692307693,0.08888888888888889,1e-20,0.06818181818181818,0.05670103092783505
Vehicle_17,9414909,1086,0.40545625587958606,0.0847457627118644,0.2330508474576271,0.2876712328767123,0.9674124800755652,0.08445945945945946,0.03875968992248062,0.9585474366846567,0.1188118811881188,1e-20,0.046511627906976744,0.08333333333333333,0.0379746835443038,0.06666666666666667,0.042735042735042736,0.04721030042918455
Vehicle_17,9414909,1087,0.1665098777046096,1e-20,0.15767634854771784,0.1513157894736842,0.9674124800755652,0.20600858369098712,0.23529411764705882,0.9585474366846567,0.043689320388349516,1e-20,1e-20,1e-20,0.038834951456310676,1e-20,0.06578947368421052,0.06329113924050633
Vehicle_17,9414909,1088,0.17267552182163187,1e-20,0.19313304721030042,0.2261904761904762,0.9674124800755652,0.3549180327868853,0.3814935064935065,0.9585474366846567,0.12643678160919541,1e-20,0.07142857142857142,1e-20,0.0967741935483871,1e-20,0.19090909090909092,0.16517857142857142
Vehicle_17,9414909,1089,0.33925925925925926,1e-20,0.07727272727272727,0.07586206896551724,0.9674124800755652,0.07295081967213114,0.0633116883116883,0.9585474366846567,0.12871287128712872,1e-20,1e-20,0.08333333333333333,0.060810810810810814,1e-20,0.02830188679245283,0.01951219512195122
Vehicle_17,9414909,1090,0.40545625587958606,0.16666666666666666,0.11194029850746269,0.13157894736842105,0.9674124800755652,0.3,0.2708333333333333,0.9585474366846567,0.1901840490797546,1e-20,1e-20,1e-20,0.06470588235294118,1e-20,0.04225352112676056,0.06172839506172839
Vehicle_17,9414909,1091,0.40545625587958606,0.1506849315068493,0.23809523809523808,0.2463768115942029,0.9674124800755652,0.20496894409937888,0.2727272727272727,0.9585474366846567,0.10052910052910052,1e-20,1e-20,1e-20,0.01951219512195122,1e-20,0.10559006211180125,0.10773480662983426
Vehicle_17,9414909,1092,0.40545625587958606,0.125,0.28431372549019607,0.3055555555555556,0.9674124800755652,0.05227655986509275,0.06493506493506493,0.9585474366846567,0.1746031746031746,1e-20,1e-20,1e-20,0.06666666666666667,0.2,0.061224489795918366,0.038461538461538464
Vehicle_17,9414909,1093,0.40545625587958606,0.022222222222222223,0.04807692307692308,0.02857142857142857,0.9674124800755652,0.1865671641791045,0.23703703703703705,0.9585474366846567,0.042735042735042736,1e-20,1e-20,0.08333333333333333,1e-20,1e-20,0.044444444444444446,0.038834951456310676
Vehicle_17,9414909,1094,0.40545625587958606,1e-20,0.05555555555555555,0.058823529411764705,0.9674124800755652,0.041666666666666664,0.035175879396984924,0.9585474366846567,0.13043478260869565,1e-20,1e-20,0.06666666666666667,0.022727272727272728,1e-20,1e-20,0.025974025974025976
Vehicle_17,9414909,1095,0.1665098777046096,0.2,0.030303030303030304,0.05714285714285714,0.9674124800755652,0.056818181818181816,0.06818181818181818,0.9585474366846567,0.1346153846153846,1e-20,1e-20,1e-20,0.11940298507462686,1e-20,1e-20,1e-20
Vehicle_17,9414909,1096,0.29411764705882354,1e-20,0.11854103343465046,0.1318181818181818,0.9674124800755652,0.1518987341772152,0.1388888888888889,0.9585474366846567,0.1440677966101695,1e-20,0.024096385542168676,1e-20,0.07692307692307693,1e-20,1e-20,0.0392156862745098
Vehicle_17,9414909,1097,0.36774193548387096,1e-20,0.20812182741116753,0.18620689655172415,0.9674124800755652,0.18435754189944134,0.15,0.9585474366846567,0.1016949152542373,1e-20,0.02127659574468085,1e-20,1e-20,1e-20,0.17307692307692307,0.13709677419354838
Vehicle_17,9414909,1098,0.47938829787234044,0.017241379310344827,0.12949640287769784,0.12222222222222222,0.9674124800755652,0.19285714285714287,0.12727272727272726,0.9585474366846567,0.25,1e-20,1e-20,1e-20,0.03076923076923077,1e-20,0.04895104895104895,0.046153846153846156
Vehicle_17,9414909,1099,0.47938829787234044,0.11764705882352941,0.18674698795180722,0.20535714285714285,0.9674124800755652,0.12684365781710916,0.10738255033557047,0.9585474366846567,0.11255411255411256,1e-20,1e-20,1e-20,0.047619047619047616,1e-20,0.11764705882352941,0.12121212121212122
Vehicle_17,9414909,1100,0.47938829787234044,0.037037037037037035,0.16748768472906403,0.17777777777777778,0.9674124800755652,0.16923076923076924,0.18604651162790697,0.9585474366846567,0.1780821917808219,1e-20,0.02702702702702703,0.09090909090909091,0.021739130434782608,1e-20,0.023622047244094488,0.039603960396039604
Vehicle_17,9414909,1101,0.47938829787234044,1e-20,0.17562724014336917,0.18652849740932642,0.9674124800755652,0.15827338129496402,0.18045112781954886,0.9585474366846567,0.25339366515837103,1e-20,0.013888888888888888,1e-20,0.018867924528301886,0.09090909090909091,0.04395604395604396,0.03205128205128205
Vehicle_17,9414909,1102,0.47938829787234044,0.18181818181818182,0.10703363914373089,0.11864406779661017,0.9674124800755652,0.21978021978021978,0.19047619047619047,0.9585474366846567,0.03619909502262444,1e-20,0.10526315789473684,1e-20,0.037037037037037035,1e-20,0.02564102564102564,0.041666666666666664
Vehicle_17,9414909,1103,0.05784574468085106,0.058823529411764705,0.2206896551724138,0.22340425531914893,0.9674124800755652,0.15510204081632653,0.16666666666666666,0.9585474366846567,0.09473684210526316,1e-20,0.02512562814070352,1e-20,0.03278688524590164,0.037037037037037035,0.07017543859649122,0.0707070707070707
Vehicle_17,9414909,1104,0.21052631578947367,0.0625,0.05367231638418079,0.05263157894736842,0.9674124800755652,0.2102803738317757,0.1619047619047619,0.9585474366846567,0.15625,1e-20,0.030303030303030304,1e-20,1e-20,1e-20,0.05172413793103448,0.046296296296296294
Vehicle_17,9414909,1105,0.40545625587958606,1e-20,0.09134615384615384,0.10743801652892562,0.9674124800755652,0.11386138613861387,0.08247422680412371,0.9585474366846567,0.03333333333333333,1e-20,1e-20,0.1111111111111111,1e-20,1e-20,0.06451612903225806,0.1
Vehicle_17,9414909,1106,0.40545625587958606,1e-20,0.09202453987730061,0.12631578947368421,0.9674124800755652,0.27611940298507465,0.3387096774193548,0.9585474366846567,0.14942528735632185,1e-20,1e-20,1e-20,0.02040816326530612,1e-20,0.04838709677419355,0.035398230088495575
Vehicle_17,9414909,1107,0.20978363123236124,0.14285714285714285,0.03225806451612903,0.029197080291970802,0.9674124800755652,0.1357142857142857,0.14285714285714285,0.9585474366846567,0.11904761904761904,1e-20,1e-20,1e-20,1e-20,1e-20,0.022727272727272728,0.010309278350515464
Vehicle_17,9414909,1108,0.28414442700156983,0.17647058823529413,0.08888888888888889,0.06896551724137931,0.9674124800755652,0.2,0.20987654320987653,0.9585474366846567,0.08860759493670886,1e-20,1e-20,1e-20,1e-20,0.003948329262458137,1e-20,1e-20
Vehicle_17,9414909,1109,0.38482758620689655,0.25806451612903225,0.07766990291262135,0.09923664122137404,0.9674124800755652,0.07692307692307693,0.08163265306122448,0.9585474366846567,0.05309734513274336,1e-20,1e-20,1e-20,0.25,1e-20,0.07936507936507936,0.048
Vehicle_17,9414909,1110,0.38482758620689655,0.1724137931034483,0.18243243243243243,0.17894736842105263,0.9674124800755652,0.25773195876288657,0.2708333333333333,0.9585474366846567,0.11764705882352941,1e-20,1e-20,1e-20,0.05263157894736842,0.14285714285714285,0.08974358974358974,0.08387096774193549
Vehicle_17,9414909,1111,0.19586206896551725,0.07017543859649122,0.24427480916030533,0.3125,0.9674124800755652,0.10457516339869281,0.1111111111111111,0.9585474366846567,0.05,1e-20,1e-20,1e-20,0.014492753623188406,1e-20,0.07547169811320754,0.06666666666666667
Vehicle_17,9414909,1112,0.27586206896551724,0.05555555555555555,0.28846153846153844,0.3584905660377358,0.9674124800755652,0.18556701030927836,0.17647058823529413,0.9585474366846567,0.20689655172413793,1e-20,0.041666666666666664,1e-20,0.02,1e-20,0.08695652173913043,0.08571428571428572
Vehicle_17,9414909,1113,0.1665098777046096,0.06666666666666667,0.05517241379310345,0.06666666666666667,0.9674124800755652,0.20209059233449478,0.2191780821917808,0.9585474366846567,0.014563106796116505,1e-20,1e-20,1e-20,1e-20,1e-20,0.14035087719298245,0.15217391304347827
Vehicle_17,9414909,1114,0.29411764705882354,0.07547169811320754,0.13709677419354838,0.0958904109589041,0.9674124800755652,0.16348195329087048,0.1774891774891775,0.9585474366846567,0.125,1e-20,0.07407407407407407,0.1111111111111111,0.057692307692307696,1e-20,0.19047619047619047,0.2196969696969697
Vehicle_17,9414909,1115,0.36774193548387096,0.12359550561797752,0.2824427480916031,0.2743362831858407,0.9674124800755652,0.20391061452513967,0.1901840490797546,0.9585474366846567,0.15671641791044777,1e-20,1e-20,1e-20,0.03968253968253968,1e-20,0.09803921568627451,0.0903954802259887
Vehicle_17,9414909,1116,0.47938829787234044,0.16923076923076924,0.2824427480916031,0.2743362831858407,0.9674124800755652,0.2527881040892193,0.23333333333333334,0.9585474366846567,0.1440677966101695,1e-20,1e-20,0.09090909090909091,0.0379746835443038,1e-20,0.0761904761904762,0.08755760368663594
Vehicle_17,9414909,1117,0.47938829787234044,0.10294117647058823,0.0648854961832061,0.07374631268436578,0.9674124800755652,0.1619217081850534,0.16791044776119404,0.9585474366846567,0.13559322033898305,1e-20,0.05,1e-20,0.0847457627118644,1e-20,0.06930693069306931,0.05504587155963303
Vehicle_17,9414909,1118,0.47938829787234044,0.20754716981132076,0.16666666666666666,0.22916666666666666,0.9674124800755652,0.02145922746781116,0.014285714285714285,0.9585474366846567,0.13432835820895522,1e-20,0.017543859649122806,0.023255813953488372,0.05357142857142857,1e-20,1e-20,1e-20
Vehicle_17,9414909,1119,0.16489361702127658,1e-20,0.21551724137931033,0.2,0.9674124800755652,0.0851063829787234,0.1111111111111111,0.9585474366846567,0.15625,1e-20,0.01694915254237288,1e-20,0.04504504504504504,0.09090909090909091,1e-20,1e-20
Vehicle_17,9414909,1120,0.21020092735703247,1e-20,0.3228346456692913,0.29545454545454547,0.9674124800755652,0.12244897959183673,0.13043478260869565,0.9585474366846567,0.1780821917808219,1e-20,0.06060606060606061,1e-20,0.03825136612021858,0.07142857142857142,1e-20,1e-20
Vehicle_17,9414909,1121,0.155467720685112,1e-20,0.1005586592178771,0.07258064516129033,0.9674124800755652,0.1440351841671248,0.14533333333333334,0.9585474366846567,0.03619909502262444,1e-20,0.02040816326530612,0.045454545454545456,0.15498154981549817,0.07142857142857142,0.11627906976744186,0.17587939698492464
Vehicle_17,9414909,1122,0.2223529411764706,1e-20,0.10714285714285714,0.08333333333333333,0.9674124800755652,0.14285714285714285,0.15441176470588236,0.9585474366846567,0.12631578947368421,1e-20,1e-20,1e-20,0.01393188854489164,0.0625,0.22330097087378642,0.18210862619808307
Vehicle_17,9414909,1123,0.20233463035019456,0.13636363636363635,0.1417910447761194,0.14473684210526316,0.9674124800755652,0.3411371237458194,0.34296028880866425,0.9585474366846567,0.10344827586206896,1e-20,1e-20,1e-20,0.06172839506172839,0.14285714285714285,0.15702479338842976,0.1955128205128205
Vehicle_17,9414909,1124,0.2732166890982503,0.10606060606060606,0.16292134831460675,0.19827586206896552,0.9674124800755652,0.19006849315068494,0.17343173431734318,0.9585474366846567,0.034482758620689655,1e-20,1e-20,1e-20,0.030100334448160536,0.1,0.11627906976744186,0.17587939698492464
Vehicle_17,9414909,1125,0.33925925925925926,0.21311475409836064,0.1746987951807229,0.17647058823529413,0.9674124800755652,0.16099476439790575,0.1440922190201729,0.9585474366846567,0.10126582278481013,1e-20,0.045454545454545456,1e-20,0.11055276381909548,0.1111111111111111,0.22330097087378642,0.18210862619808307
Vehicle_17,9414909,1126,0.20978363123236124,0.18947368421052632,0.14634146341463414,0.15789473684210525,0.9674124800755652,0.2204861111111111,0.24242424242424243,0.9585474366846567,0.21428571428571427,1e-20,0.058823529411764705,1e-20,0.018575851393188854,0.08333333333333333,0.1322314049586777,0.10576923076923077
Vehicle_17,9414909,1127,0.28414442700156983,0.11940298507462686,0.11,0.12307692307692308,0.9674124800755652,0.05707762557077625,0.06341463414634146,0.9585474366846567,0.044585987261146494,1e-20,0.06451612903225806,1e-20,0.056,0.13333333333333333,0.010638297872340425,0.013100436681222707
Vehicle_17,9414909,1128,0.38482758620689655,0.21052631578947367,0.05454545454545454,0.06060606060606061,0.9674124800755652,0.10204081632653061,0.1388888888888889,0.9585474366846567,0.06578947368421052,1e-20,0.07692307692307693,1e-20,0.04697986577181208,1e-20,0.1111111111111111,0.06140350877192982
Vehicle_17,9414909,1129,0.38482758620689655,0.06896551724137931,0.058823529411764705,0.06666666666666667,0.9674124800755652,0.24456521739130435,0.2608695652173913,0.9585474366846567,0.08928571428571429,1e-20,1e-20,1e-20,0.104,1e-20,0.02,0.05405405405405406
Vehicle_17,9414909,1130,0.21379310344827587,0.2708333333333333,0.14545454545454545,0.18181818181818182,0.9674124800755652,0.07737397420867527,0.07948717948717948,0.9585474366846567,0.12307692307692308,1e-20,1e-20,0.07142857142857142,0.14027149321266968,0.058823529411764705,0.14035087719298245,0.14864864864864866
Vehicle_17,9414909,1131,0.35555555555555557,0.13333333333333333,0.07462686567164178,0.08695652173913043,0.9674124800755652,0.1548223350253807,0.16666666666666666,0.9585474366846567,0.05263157894736842,1e-20,1e-20,0.08333333333333333,0.08376963350785341,0.07692307692307693,0.08264462809917356,0.11217948717948718
Vehicle_17,9414909,1132,0.1619348054679285,0.07692307692307693,0.08148148148148149,0.09523809523809523,0.9674124800755652,0.23333333333333334,0.19047619047619047,0.9585474366846567,0.14285714285714285,1e-20,0.05128205128205128,0.034482758620689655,0.08133971291866028,0.06666666666666667,0.11904761904761904,0.1095890410958904
Vehicle_17,9414909,1133,0.16536964980544747,0.08571428571428572,0.136986301369863,0.17073170731707318,0.9674124800755652,0.08029197080291971,0.08196721311475409,0.9585474366846567,0.1,1e-20,0.05555555555555555,0.03225806451612903,0.10303030303030303,0.0625,0.05102040816326531,0.05084745762711865
Vehicle_17,9414909,1134,0.35555555555555557,1e-20,0.09558823529411764,0.08536585365853659,0.9674124800755652,0.024390243902439025,0.05,0.9585474366846567,0.07462686567164178,1e-20,0.10526315789473684,0.043478260869565216,0.024822695035460994,1e-20,0.041666666666666664,0.03571428571428571
Vehicle_17,9414909,1135,0.1619348054679285,1e-20,0.24324324324324326,0.2765957446808511,0.9674124800755652,0.16666666666666666,0.15,0.9585474366846567,0.07407407407407407,1e-20,0.02857142857142857,1e-20,0.17307692307692307,1e-20,1e-20,0.047619047619047616
Vehicle_17,9414909,1136,0.2607003891050584,1e-20,0.09722222222222222,0.0975609756097561,0.9674124800755652,0.15679190751445088,0.15930599369085174,0.9585474366846567,0.15492957746478872,1e-20,0.023809523809523808,1e-20,0.0785307156428119,0.07692307692307693,0.24271844660194175,0.29218106995884774
Vehicle_17,9414909,1137,0.19586206896551725,0.1896551724137931,0.10606060606060606,0.08571428571428572,0.9674124800755652,0.20427807486631017,0.21106557377049182,0.9585474366846567,0.06741573033707865,1e-20,1e-20,1e-20,0.14035087719298245,1e-20,0.1141732283464567,0.12098009188361408
Vehicle_17,9414909,1138,0.27586206896551724,0.03773584905660377,0.08823529411764706,0.2,0.9674124800755652,0.1689291101055807,0.16905444126074498,0.9585474366846567,0.08928571428571429,1e-20,0.034482758620689655,1e-20,0.09764309764309764,0.05263157894736842,0.09243697478991597,0.08365019011406843
Vehicle_17,9414909,1139,0.1665098777046096,0.08333333333333333,0.06666666666666667,0.047619047619047616,0.9674124800755652,0.18646864686468648,0.2,0.9585474366846567,0.04424778761061947,1e-20,0.07142857142857142,0.041666666666666664,0.11345029239766082,0.0625,0.08737864077669903,0.06481481481481481
Vehicle_17,9414909,1140,0.29411764705882354,0.0625,0.225,0.38095238095238093,0.9674124800755652,0.23559322033898306,0.21132075471698114,0.9585474366846567,0.2222222222222222,1e-20,0.05128205128205128,0.10526315789473684,0.2066869300911854,0.0625,0.025,0.01818181818181818
Vehicle_17,9414909,1141,0.36774193548387096,1e-20,0.11538461538461539,0.17142857142857143,0.9674124800755652,0.03225806451612903,0.04721030042918455,0.9585474366846567,0.07042253521126761,1e-20,0.04081632653061224,0.030303030303030304,0.025433526011560695,1e-20,0.037037037037037035,0.03783783783783784
Vehicle_17,9414909,1142,0.16489361702127658,0.058823529411764705,0.02857142857142857,0.013157894736842105,0.9674124800755652,0.0729483282674772,0.024390243902439025,0.9585474366846567,0.046511627906976744,1e-20,0.041666666666666664,0.043478260869565216,0.13157894736842105,0.1,0.02702702702702703,0.06382978723404255
Vehicle_17,9414909,1143,0.04791344667697063,1e-20,0.13740458015267176,0.16417910447761194,0.9674124800755652,0.11217948717948718,0.10666666666666667,0.9585474366846567,0.18181818181818182,1e-20,0.03333333333333333,1e-20,0.14468085106382977,1e-20,0.19047619047619047,0.23790322580645162
Vehicle_17,9414909,1144,0.16145833333333334,0.027777777777777776,0.11068702290076336,0.10914454277286136,0.9674124800755652,0.19093851132686085,0.2012987012987013,0.04145256331534326,0.14655172413793102,1e-20,1e-20,1e-20,0.3158660844250364,0.041666666666666664,0.030534351145038167,0.07462686567164178
Vehicle_17,9414909,1145,0.2029397818871503,0.22727272727272727,0.18992248062015504,0.22085889570552147,0.9674124800755652,0.261558784676354,0.16960651289009498,0.8008934269304403,0.18181818181818182,1e-20,1e-20,1e-20,0.30353200883002207,1e-20,0.21645021645021645,0.28451882845188287
Vehicle_17,9414909,1146,0.16338582677165353,0.0625,0.2548262548262548,0.26627218934911245,0.9674124800755652,0.25576923076923075,0.2553648068669528,0.03863963456604718,0.234375,1e-20,0.019230769230769232,1e-20,0.24091108190976784,0.034482758620689655,0.20921985815602837,0.18895348837209303
Vehicle_17,9414909,1147,0.41240478781284007,0.22727272727272727,0.2824427480916031,0.2743362831858407,0.9674124800755652,0.31091370558375636,0.1800262812089356,0.8207282913165266,0.27298850574712646,1e-20,1e-20,1e-20,0.3355227148330597,0.05555555555555555,0.11666666666666667,0.26666666666666666
Vehicle_17,9414909,1148,0.2029397818871503,1e-20,0.11068702290076336,0.10914454277286136,0.9674124800755652,0.07595772787318363,0.06563706563706563,0.9585474366846567,0.14655172413793102,1e-20,1e-20,1e-20,0.06070640176600441,1e-20,0.016194331983805668,0.02301255230125523
Vehicle_17,9414909,1149,0.44881889763779526,0.07142857142857142,0.15503875968992248,0.17177914110429449,0.9674124800755652,0.06568144499178982,0.04602510460251046,0.9585474366846567,0.24380165289256198,1e-20,0.022222222222222223,1e-20,0.035,1e-20,0.04878048780487805,0.052083333333333336
Vehicle_17,9414909,1150,0.6178977272727273,1e-20,0.013513513513513514,0.010526315789473684,0.9674124800755652,0.12006578947368421,0.11244979919678715,0.9585474366846567,0.011267605633802818,1e-20,1e-20,1e-20,0.1773049645390071,1e-20,0.1724137931034483,0.1590909090909091
Vehicle_17,9414909,1151,0.0024857954545454545,1e-20,0.1,0.1111111111111111,0.9674124800755652,0.33796791443850266,0.33811475409836067,0.9585474366846567,0.027777777777777776,1e-20,0.018518518518518517,0.08333333333333333,0.24528301886792453,0.03571428571428571,0.0935483870967742,0.09302325581395349
Vehicle_17,9414909,1152,0.19166666666666668,0.1896551724137931,0.2,0.2,0.9674124800755652,0.37524950099800397,0.34104046242774566,0.9585474366846567,0.047619047619047616,1e-20,0.0375,1e-20,0.07314936487078405,1e-20,0.224,0.18888888888888888
Vehicle_17,9414909,1153,0.20887728459530025,0.14942528735632185,0.01277139208173691,0.016877637130801686,0.9674124800755652,0.1282051282051282,0.08737864077669903,0.04145256331534326,0.019417475728155338,1e-20,0.0234375,0.016666666666666666,0.24561403508771928,0.018867924528301886,0.003215434083601286,0.09365558912386707
Vehicle_17,9414909,1154,0.027936507936507936,0.017241379310344827,0.024096385542168676,1e-20,0.9674124800755652,0.1282051282051282,0.12333333333333334,0.8008934269304403,1e-20,1e-20,1e-20,1e-20,0.24528301886792453,0.08333333333333333,1e-20,0.0380952380952381
Vehicle_17,9414909,1155,0.058823529411764705,0.18181818181818182,0.07407407407407407,1e-20,0.9674124800755652,0.09423076923076923,0.07725321888412018,0.9613603654339529,1e-20,1e-20,1e-20,1e-20,0.067455102934735,1e-20,1e-20,1e-20
Vehicle_17,9414909,1156,0.2662337662337662,0.058823529411764705,0.1346153846153846,0.1,0.03258751992443474,0.24466338259441708,0.24125874125874125,0.9613603654339529,0.06666666666666667,1e-20,0.03636363636363636,1e-20,0.15833333333333333,0.05172413793103448,1e-20,1e-20
Vehicle_17,9414909,1157,0.2688728024819028,1e-20,,,,,,,,,,,,,,
